25,0.00021937
25.01,0.00025042
25.02,0.00027956
25.03,0.00030588
25.04,0.00032883
25.05,0.00034815
25.06,0.00036389
25.07,0.00037631
25.08,0.00038584
25.09,0.00039298
25.1,0.00039836
25.11,0.00040277
25.12,0.00040727
25.13,0.00041329
25.14,0.0004227
25.15,0.00043786
25.16,0.00046145
25.17,0.00049629
25.18,0.00054485
25.19,0.00060879
25.2,0.00068828
25.21,0.00078153
25.22,0.00088443
25.23,0.00099064
25.24,0.0010921
25.25,0.0011798
25.26,0.0012456
25.27,0.0012828
25.28,0.0012879
25.29,0.0012609
25.3,0.0012055
25.31,0.0011281
25.32,0.001037
25.33,0.00094094
25.34,0.00084775
25.35,0.00076343
25.36,0.00069176
25.37,0.00063421
25.38,0.0005904
25.39,0.0005587
25.4,0.00053689
25.41,0.00052269
25.42,0.00051422
25.43,0.00051013
25.44,0.00050967
25.45,0.00051255
25.46,0.00051885
25.47,0.00052891
25.48,0.00054324
25.49,0.00056249
25.5,0.00058729
25.51,0.00061815
25.52,0.00065521
25.53,0.00069792
25.54,0.00074484
25.55,0.00079345
25.56,0.00084035
25.57,0.00088157
25.58,0.00091321
25.59,0.00093216
25.6,0.00093662
25.61,0.00092658
25.62,0.00090373
25.63,0.0008712
25.64,0.00083289
25.65,0.00079282
25.66,0.00075448
25.67,0.00072045
25.68,0.00069221
25.69,0.00067024
25.7,0.00065429
25.71,0.00064367
25.72,0.00063755
25.73,0.0006352
25.74,0.0006361
25.75,0.00064011
25.76,0.0006476
25.77,0.00065957
25.78,0.00067795
25.79,0.00070579
25.8,0.00074741
25.81,0.00080833
25.82,0.00089472
25.83,0.0010125
25.84,0.0011661
25.85,0.0013564
25.86,0.0015797
25.87,0.0018265
25.88,0.0020816
25.89,0.0023253
25.9,0.002536
25.91,0.0026933
25.92,0.0027815
25.93,0.0027925
25.94,0.0027268
25.95,0.0025934
25.96,0.0024082
25.97,0.0021906
25.98,0.0019611
25.99,0.0017376
26,0.001534
26.01,0.001359
26.02,0.0012163
26.03,0.0011055
26.04,0.0010231
26.05,0.00096401
26.06,0.00092264
26.07,0.00089393
26.08,0.00087385
26.09,0.00085971
26.1,0.0008502
26.11,0.00084523
26.12,0.00084575
26.13,0.00085345
26.14,0.00087048
26.15,0.00089913
26.16,0.00094149
26.17,0.00099899
26.18,0.0010718
26.19,0.0011585
26.2,0.0012553
26.21,0.0013562
26.22,0.0014534
26.23,0.0015383
26.24,0.0016024
26.25,0.001639
26.26,0.0016446
26.27,0.0016191
26.28,0.0015662
26.29,0.0014924
26.3,0.0014058
26.31,0.0013149
26.32,0.0012268
26.33,0.001147
26.34,0.0010786
26.35,0.0010229
26.36,0.00097942
26.37,0.00094712
26.38,0.00092467
26.39,0.00091109
26.4,0.00090614
26.41,0.0009106
26.42,0.00092651
26.43,0.00095746
26.44,0.0010087
26.45,0.0010872
26.46,0.0012014
26.47,0.0013601
26.48,0.0015712
26.49,0.001839
26.5,0.0021621
26.51,0.0025309
26.52,0.0029265
26.53,0.0033209
26.54,0.00368
26.55,0.0039676
26.56,0.0041519
26.57,0.0042105
26.58,0.0041347
26.59,0.0039316
26.6,0.0036225
26.61,0.0032389
26.62,0.0028173
26.63,0.0023935
26.64,0.0019972
26.65,0.0016498
26.66,0.0013628
26.67,0.001139
26.68,0.00097437
26.69,0.00086062
26.7,0.00078747
26.71,0.00074465
26.72,0.00072327
26.73,0.00071649
26.74,0.00071985
26.75,0.00073117
26.76,0.0007503
26.77,0.00077871
26.78,0.00081905
26.79,0.00087458
26.8,0.00094866
26.81,0.001044
26.82,0.0011617
26.83,0.0013009
26.84,0.0014572
26.85,0.001623
26.86,0.0017875
26.87,0.0019374
26.88,0.002059
26.89,0.0021399
26.9,0.0021719
26.91,0.0021519
26.92,0.002083
26.93,0.0019738
26.94,0.0018369
26.95,0.0016866
26.96,0.0015366
26.97,0.0013979
26.98,0.0012783
26.99,0.0011814
27,0.0011078
27.01,0.0010556
27.02,0.001022
27.03,0.001004
27.04,0.00099956
27.05,0.001008
27.06,0.0010306
27.07,0.001071
27.08,0.0011357
27.09,0.0012346
27.1,0.0013809
27.11,0.0015913
27.12,0.0018834
27.13,0.0022741
27.14,0.0027745
27.15,0.0033856
27.16,0.0040933
27.17,0.0048656
27.18,0.0056524
27.19,0.0063895
27.2,0.0070065
27.21,0.0074374
27.22,0.0076317
27.23,0.0075641
27.24,0.0072389
27.25,0.0066895
27.26,0.0059725
27.27,0.0051575
27.28,0.0043159
27.29,0.0035105
27.3,0.0027886
27.31,0.0021788
27.32,0.0016914
27.33,0.0013222
27.34,0.0010568
27.35,0.00087625
27.36,0.00076039
27.37,0.00069137
27.38,0.00065504
27.39,0.0006416
27.4,0.00064548
27.41,0.00066473
27.42,0.00070032
27.43,0.00075531
27.44,0.00083406
27.45,0.00094126
27.46,0.0010807
27.47,0.0012542
27.48,0.0014597
27.49,0.0016905
27.5,0.0019341
27.51,0.002173
27.52,0.0023864
27.53,0.0025524
27.54,0.0026521
27.55,0.0026731
27.56,0.0026116
27.57,0.0024734
27.58,0.0022733
27.59,0.0020319
27.6,0.0017725
27.61,0.0015169
27.62,0.0012831
27.63,0.0010829
27.64,0.00092224
27.65,0.0008019
27.66,0.00071897
27.67,0.00066877
27.68,0.00064663
27.69,0.00064946
27.7,0.0006772
27.71,0.00073434
27.72,0.00083174
27.73,0.00098864
27.74,0.0012346
27.75,0.0016108
27.76,0.0021696
27.77,0.002971
27.78,0.0040754
27.79,0.0055318
27.8,0.0073634
27.81,0.0095512
27.82,0.012022
27.83,0.014641
27.84,0.017222
27.85,0.019542
27.86,0.021374
27.87,0.022523
27.88,0.02286
27.89,0.022345
27.9,0.021036
27.91,0.019079
27.92,0.016679
27.93,0.014066
27.94,0.011459
27.95,0.0090386
27.96,0.0069267
27.97,0.0051856
27.98,0.0038242
27.99,0.0028119
28,0.0020953
28.01,0.0016128
28.02,0.0013054
28.03,0.001124
28.04,0.0010318
28.05,0.0010045
28.06,0.0010293
28.07,0.0011028
28.08,0.001229
28.09,0.0014176
28.1,0.0016813
28.11,0.0020327
28.12,0.0024804
28.13,0.003024
28.14,0.00365
28.15,0.0043294
28.16,0.0050172
28.17,0.0056562
28.18,0.0061841
28.19,0.0065431
28.2,0.00669
28.21,0.0066039
28.22,0.006291
28.23,0.0057831
28.24,0.0051322
28.25,0.0044014
28.26,0.0036547
28.27,0.0029478
28.28,0.0023224
28.29,0.0018036
28.3,0.0014009
28.31,0.0011127
28.32,0.00093133
28.33,0.00085063
28.34,0.00087384
28.35,0.0010236
28.36,0.0013545
28.37,0.0019697
28.38,0.0030409
28.39,0.0048299
28.4,0.0077071
28.41,0.012158
28.42,0.018766
28.43,0.028162
28.44,0.040928
28.45,0.05746
28.46,0.077812
28.47,0.10154
28.48,0.12759
28.49,0.15434
28.5,0.17967
28.51,0.20124
28.52,0.21687
28.53,0.22486
28.54,0.22432
28.55,0.21534
28.56,0.19897
28.57,0.17703
28.58,0.15174
28.59,0.12541
28.6,0.10007
28.61,0.077267
28.62,0.057921
28.63,0.042392
28.64,0.030579
28.65,0.022086
28.66,0.01639
28.67,0.012994
28.68,0.011546
28.69,0.01194
28.7,0.014404
28.71,0.019584
28.72,0.028622
28.73,0.043209
28.74,0.065569
28.75,0.098332
28.76,0.14424
28.77,0.20568
28.78,0.284
28.79,0.37883
28.8,0.48743
28.81,0.60438
28.82,0.72168
28.83,0.82954
28.84,0.91761
28.85,0.97663
28.86,1
28.87,0.98504
28.88,0.93344
28.89,0.85101
28.9,0.74654
28.91,0.63028
28.92,0.51231
28.93,0.40112
28.94,0.30278
28.95,0.22063
28.96,0.15554
28.97,0.10648
28.98,0.071244
28.99,0.047157
29,0.031579
29.01,0.022282
29.02,0.017634
29.03,0.016675
29.04,0.019119
29.05,0.025326
29.06,0.036254
29.07,0.053362
29.08,0.078443
29.09,0.11336
29.1,0.15963
29.11,0.21795
29.12,0.2877
29.13,0.36648
29.14,0.44997
29.15,0.53213
29.16,0.60583
29.17,0.66379
29.18,0.69979
29.19,0.70975
29.2,0.69248
29.21,0.64992
29.22,0.58678
29.23,0.50966
29.24,0.42593
29.25,0.34256
29.26,0.26522
29.27,0.19776
29.28,0.14211
29.29,0.098516
29.3,0.065986
29.31,0.042805
29.32,0.026993
29.33,0.016647
29.34,0.010135
29.35,0.0061846
29.36,0.0038706
29.37,0.0025682
29.38,0.0018821
29.39,0.0015803
29.4,0.0015388
29.41,0.0017
29.42,0.0020423
29.43,0.0025594
29.44,0.0032444
29.45,0.0040783
29.46,0.0050229
29.47,0.0060181
29.48,0.0069845
29.49,0.007832
29.5,0.0084721
29.51,0.0088321
29.52,0.0088683
29.53,0.0085743
29.54,0.0079816
29.55,0.0071546
29.56,0.0061781
29.57,0.0051435
29.58,0.0041349
29.59,0.0032187
29.6,0.0024385
29.61,0.0018153
29.62,0.0013522
29.63,0.0010414
29.64,0.00087457
29.65,0.0008532
29.66,0.0010016
29.67,0.0013831
29.68,0.0021198
29.69,0.0034186
29.7,0.005598
29.71,0.009114
29.72,0.01457
29.73,0.022702
29.74,0.034318
29.75,0.050179
29.76,0.070839
29.77,0.096429
29.78,0.12647
29.79,0.1597
29.8,0.19412
29.81,0.22705
29.82,0.2555
29.83,0.27659
29.84,0.28803
29.85,0.28852
29.86,0.27801
29.87,0.25771
29.88,0.22986
29.89,0.1973
29.9,0.16303
29.91,0.12974
29.92,0.09951
29.93,0.073641
29.94,0.05267
29.95,0.036507
29.96,0.024634
29.97,0.016312
29.98,0.010755
29.99,0.0072539
30,0.0052522
30.01,0.0043742
30.02,0.0044329
30.03,0.005423
30.04,0.0075081
30.05,0.011
30.06,0.016327
30.07,0.023972
30.08,0.034391
30.09,0.047892
30.1,0.064503
30.11,0.083843
30.12,0.10505
30.13,0.12676
30.14,0.14726
30.15,0.16463
30.16,0.17708
30.17,0.18326
30.18,0.18245
30.19,0.17474
30.2,0.16102
30.21,0.14278
30.22,0.12185
30.23,0.10011
30.24,0.079234
30.25,0.060453
30.26,0.044516
30.27,0.031694
30.28,0.021878
30.29,0.014709
30.3,0.0096986
30.31,0.0063434
30.32,0.0041879
30.33,0.0028637
30.34,0.0020979
30.35,0.0017071
30.36,0.0015819
30.37,0.0016714
30.38,0.0019669
30.39,0.0024883
30.4,0.0032708
30.41,0.0043506
30.42,0.0057496
30.43,0.0074609
30.44,0.0094353
30.45,0.011574
30.46,0.013732
30.47,0.015727
30.48,0.017367
30.49,0.018477
30.5,0.018929
30.51,0.018667
30.52,0.017717
30.53,0.016183
30.54,0.014226
30.55,0.012036
30.56,0.009804
30.57,0.007692
30.58,0.005817
30.59,0.0042451
30.6,0.0029952
30.61,0.0020495
30.62,0.0013669
30.63,0.00089591
30.64,0.00058448
30.65,0.00038672
30.66,0.00026571
30.67,0.00019402
30.68,0.00015254
30.69,0.00012877
30.7,0.00011498
30.71,0.00010665
30.72,0.00010129
30.73,9.7552e-05
30.74,9.477e-05
30.75,9.2593e-05
30.76,9.0829e-05
30.77,8.9366e-05
30.78,8.8141e-05
30.79,8.7127e-05
30.8,8.6315e-05
30.81,8.5693e-05
30.82,8.5224e-05
30.83,8.4831e-05
30.84,8.4405e-05
30.85,8.3821e-05
30.86,8.2974e-05
30.87,8.1806e-05
30.88,8.032e-05
30.89,7.8577e-05
30.9,7.6673e-05
30.91,7.4705e-05
30.92,7.2747e-05
30.93,7.0834e-05
30.94,6.897e-05
30.95,6.7142e-05
30.96,6.5343e-05
30.97,6.3588e-05
30.98,6.1912e-05
30.99,6.0368e-05
31,5.9016e-05
31.01,5.791e-05
31.02,5.7097e-05
31.03,5.6629e-05
31.04,5.6568e-05
31.05,5.6993e-05
31.06,5.7991e-05
31.07,5.9637e-05
31.08,6.1951e-05
31.09,6.4868e-05
31.1,6.8204e-05
31.11,7.1654e-05
31.12,7.4818e-05
31.13,7.7249e-05
31.14,7.8531e-05
31.15,7.8355e-05
31.16,7.6575e-05
31.17,7.3241e-05
31.18,6.8592e-05
31.19,6.3012e-05
31.2,5.6957e-05
31.21,5.0886e-05
31.22,4.5193e-05
31.23,4.0163e-05
31.24,3.5962e-05
31.25,3.264e-05
31.26,3.0159e-05
31.27,2.8424e-05
31.28,2.7309e-05
31.29,2.6681e-05
31.3,2.6412e-05
31.31,2.6386e-05
31.32,2.6509e-05
31.33,2.6708e-05
31.34,2.6937e-05
31.35,2.7174e-05
31.36,2.7417e-05
31.37,2.7676e-05
31.38,2.7963e-05
31.39,2.8282e-05
31.4,2.8625e-05
31.41,2.8974e-05
31.42,2.9307e-05
31.43,2.9608e-05
31.44,2.987e-05
31.45,3.0101e-05
31.46,3.0318e-05
31.47,3.0538e-05
31.48,3.077e-05
31.49,3.1009e-05
31.5,3.1237e-05
31.51,3.1428e-05
31.52,3.1562e-05
31.53,3.163e-05
31.54,3.1639e-05
31.55,3.1607e-05
31.56,3.1555e-05
31.57,3.1497e-05
31.58,3.1434e-05
31.59,3.1356e-05
31.6,3.1246e-05
31.61,3.1097e-05
31.62,3.0921e-05
31.63,3.0758e-05
31.64,3.0691e-05
31.65,3.0847e-05
31.66,3.1415e-05
31.67,3.2665e-05
31.68,3.498e-05
31.69,3.8879e-05
31.7,4.5027e-05
31.71,5.4209e-05
31.72,6.7243e-05
31.73,8.4842e-05
31.74,0.00010741
31.75,0.00013481
31.76,0.00016622
31.77,0.00019999
31.78,0.00023373
31.79,0.00026453
31.8,0.00028936
31.81,0.00030557
31.82,0.0003113
31.83,0.00030587
31.84,0.00028988
31.85,0.00026508
31.86,0.00023406
31.87,0.00019982
31.88,0.00016524
31.89,0.00013273
31.9,0.00010401
31.91,8.001e-05
31.92,6.0952e-05
31.93,4.6525e-05
31.94,3.6081e-05
31.95,2.8824e-05
31.96,2.3959e-05
31.97,2.0787e-05
31.98,1.8754e-05
31.99,1.7458e-05
32,1.6629e-05
32.01,1.6102e-05
32.02,1.5781e-05
32.03,1.561e-05
32.04,1.5554e-05
32.05,1.5586e-05
32.06,1.5683e-05
32.07,1.5833e-05
32.08,1.6027e-05
32.09,1.627e-05
32.1,1.6569e-05
32.11,1.6931e-05
32.12,1.7353e-05
32.13,1.7822e-05
32.14,1.8312e-05
32.15,1.8791e-05
32.16,1.9231e-05
32.17,1.9612e-05
32.18,1.9931e-05
32.19,2.0201e-05
32.2,2.0441e-05
32.21,2.0675e-05
32.22,2.0916e-05
32.23,2.117e-05
32.24,2.1432e-05
32.25,2.1697e-05
32.26,2.1963e-05
32.27,2.2246e-05
32.28,2.2578e-05
32.29,2.3017e-05
32.3,2.3654e-05
32.31,2.4631e-05
32.32,2.6162e-05
32.33,2.8579e-05
32.34,3.237e-05
32.35,3.8212e-05
32.36,4.6977e-05
32.37,5.9685e-05
32.38,7.7385e-05
32.39,0.00010097
32.4,0.0001309
32.41,0.00016699
32.42,0.00020811
32.43,0.00025212
32.44,0.00029593
32.45,0.00033581
32.46,0.0003679
32.47,0.00038877
32.48,0.00039605
32.49,0.00038888
32.5,0.00036801
32.51,0.00033573
32.52,0.00029542
32.53,0.00025095
32.54,0.00020609
32.55,0.000164
32.56,0.0001269
32.57,9.5977e-05
32.58,7.15e-05
32.59,5.3027e-05
32.6,3.9683e-05
32.61,3.0416e-05
32.62,2.4194e-05
32.63,2.0124e-05
32.64,1.7511e-05
32.65,1.5849e-05
32.66,1.48e-05
32.67,1.4147e-05
32.68,1.3759e-05
32.69,1.3559e-05
32.7,1.3512e-05
32.71,1.3605e-05
32.72,1.3842e-05
32.73,1.4235e-05
32.74,1.4794e-05
32.75,1.551e-05
32.76,1.6352e-05
32.77,1.7261e-05
32.78,1.8158e-05
32.79,1.8952e-05
32.8,1.9561e-05
32.81,1.9927e-05
32.82,2.0027e-05
32.83,1.9878e-05
32.84,1.9527e-05
32.85,1.9042e-05
32.86,1.8494e-05
32.87,1.7948e-05
32.88,1.7452e-05
32.89,1.7036e-05
32.9,1.6713e-05
32.91,1.6481e-05
32.92,1.6326e-05
32.93,1.6217e-05
32.94,1.6111e-05
32.95,1.5953e-05
32.96,1.5679e-05
32.97,1.5227e-05
32.98,1.4549e-05
32.99,1.3619e-05
33,1.2445e-05
