3
3
3
3
3
3
3
3
3
3
3
3
3
3
3
3
3
3
3
3
3
3
3
3
3
3
3
3
3
3
3
3
3
3
3
3
3
3
3
3
3
3
3
3
3
3
3
3
3
3
3
3
3
3
3
3
3
3
3
3
3
3
3
3
3
3
3
3
3
3
3
3
3
3
10
10.5
10
10
9.5
9.5
10
9.5
10
10
9.5
10
10.5
10.5
9
10
10.5
10
9.5
10.5
11
10.5
9.5
10.5
10.5
10
10
10
10
10
10.5
10.5
11
9.5
10.5
10
11
9
10.5
9.5
10
10.5
9.5
10
10
10.5
10.5
9.5
10
10
10
10
9.5
9
10
11
10
9.5
9.5
9.5
10
10.5
10.5
10.5
10.5
10
9.5
10
10.5
10
10.5
9.5
9.5
11
10
10
10.5
9.5
10
10
9.5
9.5
10
10.5
10.5
9.5
10
10
10.5
10.5
10
9.5
10
10
10
9.5
10.5
11
10
10
10
10
10
10
9.5
9.5
10
9.5
9.5
10.5
9
9.5
10
10
11
10.5
10
9
10.5
10.5
9
10
9
9.5
9.5
11
10
10.5
10
10.5
9.5
10.5
9.5
10
10.5
9.5
9.5
9
10.5
10
9.5
10
9.5
10
