18,0.000988
18.01,0.0010534
18.02,0.0011222
18.03,0.0011979
18.04,0.0012853
18.05,0.0013902
18.06,0.0015184
18.07,0.001675
18.08,0.0018643
18.09,0.0020892
18.1,0.0023511
18.11,0.0026497
18.12,0.0029834
18.13,0.0033495
18.14,0.003744
18.15,0.004162
18.16,0.0045982
18.17,0.0050464
18.18,0.0055005
18.19,0.0059538
18.2,0.0063998
18.21,0.006832
18.22,0.0072439
18.23,0.0076296
18.24,0.0079833
18.25,0.0082998
18.26,0.0085744
18.27,0.0088031
18.28,0.0089826
18.29,0.0091102
18.3,0.0091841
18.31,0.0092034
18.32,0.0091678
18.33,0.0090781
18.34,0.0089357
18.35,0.008743
18.36,0.008503
18.37,0.0082195
18.38,0.007897
18.39,0.0075406
18.4,0.0071558
18.41,0.0067487
18.42,0.0063256
18.43,0.0058931
18.44,0.0054581
18.45,0.0050272
18.46,0.0046072
18.47,0.0042048
18.48,0.0038261
18.49,0.0034772
18.5,0.0031634
18.51,0.0028899
18.52,0.0026609
18.53,0.00248
18.54,0.0023502
18.55,0.0022737
18.56,0.0022516
18.57,0.0022846
18.58,0.0023722
18.59,0.0025133
18.6,0.0027057
18.61,0.0029469
18.62,0.003233
18.63,0.00356
18.64,0.0039228
18.65,0.0043162
18.66,0.0047341
18.67,0.0051702
18.68,0.0056181
18.69,0.0060708
18.7,0.0065217
18.71,0.0069637
18.72,0.0073904
18.73,0.0077951
18.74,0.0081717
18.75,0.0085146
18.76,0.0088186
18.77,0.0090789
18.78,0.0092918
18.79,0.0094539
18.8,0.0095628
18.81,0.009617
18.82,0.0096155
18.83,0.0095585
18.84,0.0094469
18.85,0.0092825
18.86,0.0090677
18.87,0.0088061
18.88,0.0085016
18.89,0.0081589
18.9,0.0077835
18.91,0.0073812
18.92,0.0069582
18.93,0.0065212
18.94,0.0060769
18.95,0.0056324
18.96,0.0051945
18.97,0.0047703
18.98,0.0043664
18.99,0.0039891
19,0.0036445
19.01,0.0033382
19.02,0.003075
19.03,0.0028592
19.04,0.0026945
19.05,0.0025836
19.06,0.0025285
19.07,0.0025303
19.08,0.0025894
19.09,0.0027052
19.1,0.0028761
19.11,0.0030998
19.12,0.0033733
19.13,0.0036926
19.14,0.0040531
19.15,0.0044496
19.16,0.0048763
19.17,0.0053269
19.18,0.0057947
19.19,0.0062727
19.2,0.006754
19.21,0.0072313
19.22,0.0076974
19.23,0.0081454
19.24,0.0085685
19.25,0.0089605
19.26,0.0093153
19.27,0.0096277
19.28,0.0098929
19.29,0.010107
19.3,0.010267
19.31,0.010369
19.32,0.010414
19.33,0.0104
19.34,0.010326
19.35,0.010196
19.36,0.010009
19.37,0.0097707
19.38,0.009483
19.39,0.0091509
19.4,0.0087796
19.41,0.008375
19.42,0.0079434
19.43,0.0074914
19.44,0.0070264
19.45,0.0065557
19.46,0.0060867
19.47,0.0056269
19.48,0.0051837
19.49,0.0047643
19.5,0.0043756
19.51,0.0040238
19.52,0.003715
19.53,0.0034543
19.54,0.0032463
19.55,0.0030947
19.56,0.0030025
19.57,0.0029716
19.58,0.0030032
19.59,0.0030975
19.6,0.0032537
19.61,0.0034699
19.62,0.0037437
19.63,0.0040714
19.64,0.0044486
19.65,0.0048703
19.66,0.0053305
19.67,0.0058228
19.68,0.0063403
19.69,0.0068755
19.7,0.0074207
19.71,0.0079681
19.72,0.0085096
19.73,0.0090375
19.74,0.0095438
19.75,0.010021
19.76,0.010463
19.77,0.010862
19.78,0.011212
19.79,0.011509
19.8,0.011748
19.81,0.011925
19.82,0.012039
19.83,0.012086
19.84,0.012066
19.85,0.011981
19.86,0.01183
19.87,0.011617
19.88,0.011345
19.89,0.011018
19.9,0.010642
19.91,0.010222
19.92,0.0097643
19.93,0.0092772
19.94,0.0087681
19.95,0.0082452
19.96,0.007717
19.97,0.007192
19.98,0.0066791
19.99,0.0061866
20,0.005723
20.01,0.0052961
20.02,0.0049134
20.03,0.0045818
20.04,0.0043074
20.05,0.0040954
20.06,0.0039504
20.07,0.0038758
20.08,0.003874
20.09,0.0039464
20.1,0.0040932
20.11,0.0043135
20.12,0.0046054
20.13,0.0049657
20.14,0.0053903
20.15,0.0058741
20.16,0.0064109
20.17,0.0069939
20.18,0.0076153
20.19,0.0082667
20.2,0.0089394
20.21,0.0096241
20.22,0.010311
20.23,0.010991
20.24,0.011654
20.25,0.012291
20.26,0.012892
20.27,0.013449
20.28,0.013954
20.29,0.014399
20.3,0.014778
20.31,0.015085
20.32,0.015316
20.33,0.015467
20.34,0.015536
20.35,0.015522
20.36,0.015426
20.37,0.015248
20.38,0.014992
20.39,0.014662
20.4,0.014262
20.41,0.0138
20.42,0.013283
20.43,0.012719
20.44,0.012118
20.45,0.011489
20.46,0.010842
20.47,0.01019
20.48,0.009543
20.49,0.0089125
20.5,0.0083098
20.51,0.007746
20.52,0.0072318
20.53,0.0067773
20.54,0.0063918
20.55,0.0060839
20.56,0.0058612
20.57,0.0057298
20.58,0.005695
20.59,0.0057606
20.6,0.0059289
20.61,0.0062008
20.62,0.0065756
20.63,0.0070511
20.64,0.0076238
20.65,0.0082884
20.66,0.0090382
20.67,0.0098654
20.68,0.010761
20.69,0.011713
20.7,0.012713
20.71,0.013746
20.72,0.0148
20.73,0.015861
20.74,0.016916
20.75,0.017951
20.76,0.018952
20.77,0.019905
20.78,0.020797
20.79,0.021615
20.8,0.02235
20.81,0.022988
20.82,0.023523
20.83,0.023946
20.84,0.024251
20.85,0.024433
20.86,0.02449
20.87,0.024422
20.88,0.024229
20.89,0.023915
20.9,0.023485
20.91,0.022946
20.92,0.022307
20.93,0.021579
20.94,0.020775
20.95,0.019908
20.96,0.018995
20.97,0.018052
20.98,0.017096
20.99,0.016147
21,0.015223
21.01,0.014344
21.02,0.013529
21.03,0.012797
21.04,0.012167
21.05,0.011655
21.06,0.01128
21.07,0.011055
21.08,0.010995
21.09,0.011111
21.1,0.011413
21.11,0.011907
21.12,0.0126
21.13,0.013492
21.14,0.014584
21.15,0.015873
21.16,0.017351
21.17,0.019011
21.18,0.02084
21.19,0.022825
21.2,0.024947
21.21,0.027188
21.22,0.029526
21.23,0.031937
21.24,0.034397
21.25,0.036877
21.26,0.03935
21.27,0.041788
21.28,0.044161
21.29,0.046441
21.3,0.0486
21.31,0.050609
21.32,0.052443
21.33,0.054079
21.34,0.055493
21.35,0.056666
21.36,0.057584
21.37,0.058232
21.38,0.058603
21.39,0.058692
21.4,0.058499
21.41,0.058029
21.42,0.057292
21.43,0.056304
21.44,0.055085
21.45,0.05366
21.46,0.052062
21.47,0.050327
21.48,0.048497
21.49,0.046619
21.5,0.044744
21.51,0.042931
21.52,0.041239
21.53,0.039732
21.54,0.038479
21.55,0.037551
21.56,0.03702
21.57,0.036962
21.58,0.037451
21.59,0.038564
21.6,0.040377
21.61,0.042964
21.62,0.046398
21.63,0.050749
21.64,0.056085
21.65,0.062467
21.66,0.069954
21.67,0.078598
21.68,0.088446
21.69,0.099537
21.7,0.1119
21.71,0.12557
21.72,0.14055
21.73,0.15685
21.74,0.17447
21.75,0.1934
21.76,0.21361
21.77,0.23507
21.78,0.25774
21.79,0.28157
21.8,0.3065
21.81,0.33245
21.82,0.35934
21.83,0.38709
21.84,0.41559
21.85,0.44474
21.86,0.47441
21.87,0.5045
21.88,0.53488
21.89,0.5654
21.9,0.59593
21.91,0.62634
21.92,0.65647
21.93,0.68618
21.94,0.71533
21.95,0.74377
21.96,0.77136
21.97,0.79794
21.98,0.8234
21.99,0.84758
22,0.87037
22.01,0.89164
22.02,0.91127
22.03,0.92916
22.04,0.94521
22.05,0.95934
22.06,0.97145
22.07,0.9815
22.08,0.98941
22.09,0.99515
22.1,0.99869
22.11,1
22.12,0.99908
22.13,0.99594
22.14,0.99059
22.15,0.98306
22.16,0.9734
22.17,0.96166
22.18,0.9479
22.19,0.93222
22.2,0.91468
22.21,0.89539
22.22,0.87446
22.23,0.85199
22.24,0.82811
22.25,0.80295
22.26,0.77664
22.27,0.74931
22.28,0.72111
22.29,0.69219
22.3,0.66268
22.31,0.63273
22.32,0.60248
22.33,0.57209
22.34,0.54168
22.35,0.5114
22.36,0.48137
22.37,0.45173
22.38,0.4226
22.39,0.39409
22.4,0.3663
22.41,0.33934
22.42,0.3133
22.43,0.28825
22.44,0.26427
22.45,0.24143
22.46,0.21977
22.47,0.19934
22.48,0.18018
22.49,0.16229
22.5,0.14571
22.51,0.13043
22.52,0.11645
22.53,0.10375
22.54,0.092314
22.55,0.082111
22.56,0.073103
22.57,0.065246
22.58,0.05849
22.59,0.052778
22.6,0.048052
22.61,0.044245
22.62,0.041291
22.63,0.039119
22.64,0.037657
22.65,0.03683
22.66,0.036566
22.67,0.03679
22.68,0.037429
22.69,0.038413
22.7,0.039672
22.71,0.041139
22.72,0.042751
22.73,0.044448
22.74,0.046174
22.75,0.047878
22.76,0.049512
22.77,0.051036
22.78,0.052411
22.79,0.053607
22.8,0.054595
22.81,0.055356
22.82,0.055872
22.83,0.056131
22.84,0.056129
22.85,0.055861
22.86,0.055332
22.87,0.054548
22.88,0.053519
22.89,0.052258
22.9,0.050784
22.91,0.049116
22.92,0.047274
22.93,0.045284
22.94,0.04317
22.95,0.040959
22.96,0.038677
22.97,0.036351
22.98,0.034008
22.99,0.031674
23,0.029375
23.01,0.027135
23.02,0.024976
23.03,0.022918
23.04,0.020982
23.05,0.019183
23.06,0.017536
23.07,0.016052
23.08,0.01474
23.09,0.013608
23.1,0.01266
23.11,0.011896
23.12,0.011316
23.13,0.010915
23.14,0.01069
23.15,0.01063
23.16,0.010728
23.17,0.01097
23.18,0.011343
23.19,0.011833
23.2,0.012425
23.21,0.013101
23.22,0.013845
23.23,0.014639
23.24,0.015466
23.25,0.016308
23.26,0.017148
23.27,0.01797
23.28,0.018758
23.29,0.019497
23.3,0.020176
23.31,0.02078
23.32,0.021301
23.33,0.021728
23.34,0.022056
23.35,0.022278
23.36,0.02239
23.37,0.022392
23.38,0.022281
23.39,0.022061
23.4,0.021733
23.41,0.021303
23.42,0.020777
23.43,0.020162
23.44,0.019468
23.45,0.018702
23.46,0.017877
23.47,0.017003
23.48,0.016092
23.49,0.015156
23.5,0.014207
23.51,0.013258
23.52,0.01232
23.53,0.011405
23.54,0.010524
23.55,0.0096879
23.56,0.0089054
23.57,0.0081856
23.58,0.0075358
23.59,0.0069625
23.6,0.006471
23.61,0.006065
23.62,0.0057473
23.63,0.0055192
23.64,0.0053806
23.65,0.0053303
23.66,0.0053657
23.67,0.0054831
23.68,0.0056777
23.69,0.0059437
23.7,0.0062742
23.71,0.0066618
23.72,0.0070981
23.73,0.0075744
23.74,0.0080814
23.75,0.0086097
23.76,0.0091497
23.77,0.0096917
23.78,0.010226
23.79,0.010744
23.8,0.011237
23.81,0.011697
23.82,0.012115
23.83,0.012485
23.84,0.012802
23.85,0.013059
23.86,0.013254
23.87,0.013383
23.88,0.013443
23.89,0.013434
23.9,0.013357
23.91,0.013211
23.92,0.012999
23.93,0.012725
23.94,0.012392
23.95,0.012006
23.96,0.011571
23.97,0.011093
23.98,0.010581
23.99,0.01004
24,0.0094787
24.01,0.0089047
24.02,0.0083257
24.03,0.0077497
24.04,0.0071844
24.05,0.0066372
24.06,0.0061154
24.07,0.0056255
24.08,0.0051738
24.09,0.0047657
24.1,0.004406
24.11,0.0040988
24.12,0.0038472
24.13,0.0036537
24.14,0.0035197
24.15,0.0034458
24.16,0.0034318
24.17,0.0034763
24.18,0.0035775
24.19,0.0037324
24.2,0.0039375
24.21,0.0041885
24.22,0.0044804
24.23,0.0048079
24.24,0.0051649
24.25,0.0055453
24.26,0.0059423
24.27,0.0063494
24.28,0.0067597
24.29,0.0071664
24.3,0.0075629
24.31,0.0079427
24.32,0.0082998
24.33,0.0086286
24.34,0.0089237
24.35,0.0091806
24.36,0.0093952
24.37,0.0095642
24.38,0.0096851
24.39,0.0097558
24.4,0.0097754
24.41,0.0097435
24.42,0.0096605
24.43,0.0095277
24.44,0.0093471
24.45,0.0091213
24.46,0.0088536
24.47,0.008548
24.48,0.0082088
24.49,0.0078411
24.5,0.0074501
24.51,0.0070415
24.52,0.0066211
24.53,0.0061948
24.54,0.0057687
24.55,0.0053487
24.56,0.0049407
24.57,0.0045503
24.58,0.0041827
24.59,0.0038429
24.6,0.0035354
24.61,0.0032641
24.62,0.0030324
24.63,0.0028431
24.64,0.0026983
24.65,0.0025994
24.66,0.0025473
24.67,0.002542
24.68,0.0025828
24.69,0.0026684
24.7,0.0027968
24.71,0.0029656
24.72,0.0031713
24.73,0.0034105
24.74,0.0036789
24.75,0.0039719
24.76,0.0042846
24.77,0.004612
24.78,0.0049486
24.79,0.005289
24.8,0.0056277
24.81,0.0059595
24.82,0.006279
24.83,0.0065812
24.84,0.0068614
24.85,0.0071153
24.86,0.007339
24.87,0.0075289
24.88,0.0076821
24.89,0.0077964
24.9,0.0078699
24.91,0.0079016
24.92,0.007891
24.93,0.0078381
24.94,0.0077438
24.95,0.0076096
24.96,0.0074373
24.97,0.0072295
24.98,0.0069894
24.99,0.0067203
25,0.0064264
25.01,0.0061119
25.02,0.0057814
25.03,0.0054396
25.04,0.0050916
25.05,0.0047423
25.06,0.0043967
25.07,0.0040599
25.08,0.0037364
25.09,0.0034309
25.1,0.0031476
25.11,0.0028905
25.12,0.0026629
25.13,0.002468
25.14,0.0023081
25.15,0.0021855
25.16,0.0021013
25.17,0.0020566
25.18,0.0020514
25.19,0.0020856
25.2,0.0021581
25.21,0.0022675
25.22,0.0024117
25.23,0.0025882
25.24,0.002794
25.25,0.0030255
25.26,0.0032792
25.27,0.0035507
25.28,0.0038358
25.29,0.0041299
25.3,0.0044284
25.31,0.0047266
25.32,0.0050199
25.33,0.0053036
25.34,0.0055734
25.35,0.0058251
25.36,0.0060549
25.37,0.0062592
25.38,0.0064349
25.39,0.0065794
25.4,0.0066904
25.41,0.0067662
25.42,0.0068057
25.43,0.0068083
25.44,0.006774
25.45,0.0067032
25.46,0.006597
25.47,0.0064571
25.48,0.0062854
25.49,0.0060845
25.5,0.0058575
25.51,0.0056076
25.52,0.0053385
25.53,0.0050542
25.54,0.0047589
25.55,0.0044569
25.56,0.0041526
25.57,0.0038504
25.58,0.0035546
25.59,0.0032696
25.6,0.0029994
25.61,0.0027478
25.62,0.0025184
25.63,0.0023145
25.64,0.0021387
25.65,0.0019936
25.66,0.001881
25.67,0.0018023
25.68,0.0017584
25.69,0.0017498
25.7,0.0017763
25.71,0.0018372
25.72,0.0019313
25.73,0.0020571
25.74,0.0022123
25.75,0.0023943
25.76,0.0026003
25.77,0.002827
25.78,0.0030706
25.79,0.0033275
25.8,0.0035935
25.81,0.0038646
25.82,0.0041364
25.83,0.0044049
25.84,0.0046659
25.85,0.0049154
25.86,0.0051496
25.87,0.0053648
25.88,0.0055579
25.89,0.0057258
25.9,0.0058661
25.91,0.0059766
25.92,0.0060557
25.93,0.0061021
25.94,0.0061151
25.95,0.0060946
25.96,0.0060408
25.97,0.0059546
25.98,0.0058372
25.99,0.0056904
26,0.0055163
26.01,0.0053176
26.02,0.0050972
26.03,0.0048583
26.04,0.0046045
26.05,0.0043395
26.06,0.0040672
26.07,0.0037917
26.08,0.0035169
26.09,0.0032468
26.1,0.0029854
26.11,0.0027364
26.12,0.0025035
26.13,0.00229
26.14,0.0020989
26.15,0.0019329
26.16,0.0017943
26.17,0.0016851
26.18,0.0016066
26.19,0.00156
26.2,0.0015456
26.21,0.0015635
26.22,0.0016133
26.23,0.001694
26.24,0.0018042
26.25,0.0019422
26.26,0.0021056
26.27,0.0022919
26.28,0.0024982
26.29,0.0027211
26.3,0.0029573
26.31,0.0032031
26.32,0.0034546
26.33,0.0037081
26.34,0.0039595
26.35,0.0042052
26.36,0.0044412
26.37,0.0046641
26.38,0.0048705
26.39,0.0050571
26.4,0.0052212
26.41,0.0053603
26.42,0.0054723
26.43,0.0055555
26.44,0.0056086
26.45,0.0056308
26.46,0.0056217
26.47,0.0055816
26.48,0.0055109
26.49,0.0054108
26.5,0.0052826
26.51,0.0051283
26.52,0.0049502
26.53,0.0047509
26.54,0.0045333
26.55,0.0043006
26.56,0.0040563
26.57,0.003804
26.58,0.0035472
26.59,0.0032899
26.6,0.0030357
26.61,0.0027884
26.62,0.0025515
26.63,0.0023284
26.64,0.0021223
26.65,0.0019363
26.66,0.0017728
26.67,0.0016343
26.68,0.0015226
26.69,0.0014391
26.7,0.0013851
26.71,0.001361
26.72,0.0013671
26.73,0.001403
26.74,0.0014682
26.75,0.0015612
26.76,0.0016806
26.77,0.0018244
26.78,0.0019901
26.79,0.002175
26.8,0.0023762
26.81,0.0025902
26.82,0.0028137
26.83,0.0030427
26.84,0.0032734
26.85,0.0035017
26.86,0.0037232
26.87,0.0039333
26.88,0.004127
26.89,0.004299
26.9,0.0044433
26.91,0.0045534
26.92,0.0046224
26.93,0.0046432
26.94,0.004609
26.95,0.0045143
26.96,0.0043554
26.97,0.0041322
26.98,0.0038489
26.99,0.003515
27,0.0031454
37,0.00031179
37.01,0.00031974
37.02,0.00032787
37.03,0.00033619
37.04,0.00034476
37.05,0.00035366
37.06,0.00036298
37.07,0.00037284
37.08,0.00038334
37.09,0.0003946
37.1,0.0004067
37.11,0.00041972
37.12,0.00043374
37.13,0.00044877
37.14,0.00046483
37.15,0.00048191
37.16,0.00049997
37.17,0.00051893
37.18,0.0005387
37.19,0.00055917
37.2,0.00058019
37.21,0.00060159
37.22,0.00062321
37.23,0.00064485
37.24,0.0006663
37.25,0.00068735
37.26,0.00070778
37.27,0.00072739
37.28,0.00074596
37.29,0.00076328
37.3,0.00077917
37.31,0.00079344
37.32,0.00080595
37.33,0.00081655
37.34,0.00082512
37.35,0.00083159
37.36,0.00083589
37.37,0.00083798
37.38,0.00083787
37.39,0.00083558
37.4,0.00083118
37.41,0.00082474
37.42,0.00081639
37.43,0.00080626
37.44,0.00079453
37.45,0.00078138
37.46,0.00076703
37.47,0.0007517
37.48,0.00073564
37.49,0.0007191
37.5,0.00070234
37.51,0.00068564
37.52,0.00066924
37.53,0.00065342
37.54,0.00063844
37.55,0.00062453
37.56,0.00061192
37.57,0.00060082
37.58,0.00059143
37.59,0.00058391
37.6,0.00057841
37.61,0.00057503
37.62,0.00057386
37.63,0.00057495
37.64,0.00057833
37.65,0.00058397
37.66,0.00059183
37.67,0.00060184
37.68,0.00061389
37.69,0.00062784
37.7,0.00064353
37.71,0.00066076
37.72,0.00067934
37.73,0.00069902
37.74,0.00071955
37.75,0.00074068
37.76,0.00076212
37.77,0.00078362
37.78,0.00080488
37.79,0.00082563
37.8,0.0008456
37.81,0.00086453
37.82,0.00088218
37.83,0.00089831
37.84,0.00091272
37.85,0.00092522
37.86,0.00093566
37.87,0.0009439
37.88,0.00094985
37.89,0.00095343
37.9,0.00095463
37.91,0.00095343
37.92,0.00094988
37.93,0.00094403
37.94,0.000936
37.95,0.00092592
37.96,0.00091394
37.97,0.00090027
37.98,0.0008851
37.99,0.00086869
38,0.00085129
38.01,0.00083316
38.02,0.0008146
38.03,0.00079588
38.04,0.00077732
38.05,0.00075919
38.06,0.00074179
38.07,0.00072539
38.08,0.00071027
38.09,0.00069666
38.1,0.00068481
38.11,0.00067491
38.12,0.00066714
38.13,0.00066165
38.14,0.00065856
38.15,0.00065795
38.16,0.00065987
38.17,0.00066433
38.18,0.00067132
38.19,0.00068077
38.2,0.00069258
38.21,0.00070665
38.22,0.00072279
38.23,0.00074083
38.24,0.00076054
38.25,0.00078169
38.26,0.00080401
38.27,0.00082723
38.28,0.00085104
38.29,0.00087514
38.3,0.00089923
38.31,0.000923
38.32,0.00094613
38.33,0.00096833
38.34,0.00098932
38.35,0.0010088
38.36,0.0010266
38.37,0.0010424
38.38,0.001056
38.39,0.0010673
38.4,0.0010761
38.41,0.0010823
38.42,0.0010859
38.43,0.0010869
38.44,0.0010851
38.45,0.0010808
38.46,0.0010739
38.47,0.0010646
38.48,0.001053
38.49,0.0010394
38.5,0.0010239
38.51,0.0010069
38.52,0.00098845
38.53,0.00096898
38.54,0.00094878
38.55,0.00092815
38.56,0.00090742
38.57,0.00088693
38.58,0.00086699
38.59,0.00084794
38.6,0.00083007
38.61,0.00081369
38.62,0.00079906
38.63,0.00078645
38.64,0.00077607
38.65,0.00076811
38.66,0.00076275
38.67,0.0007601
38.68,0.00076025
38.69,0.00076325
38.7,0.0007691
38.71,0.00077778
38.72,0.00078921
38.73,0.00080329
38.74,0.00081985
38.75,0.00083873
38.76,0.0008597
38.77,0.00088251
38.78,0.00090689
38.79,0.00093253
38.8,0.00095913
38.81,0.00098635
38.82,0.0010138
38.83,0.0010413
38.84,0.0010683
38.85,0.0010945
38.86,0.0011197
38.87,0.0011434
38.88,0.0011654
38.89,0.0011855
38.9,0.0012032
38.91,0.0012185
38.92,0.0012312
38.93,0.0012411
38.94,0.001248
38.95,0.001252
38.96,0.001253
38.97,0.0012509
38.98,0.001246
38.99,0.0012382
39,0.0012277
39.01,0.0012147
39.02,0.0011995
39.03,0.0011821
39.04,0.001163
39.05,0.0011425
39.06,0.0011208
39.07,0.0010983
39.08,0.0010754
39.09,0.0010525
39.1,0.0010298
39.11,0.0010079
39.12,0.00098699
39.13,0.00096748
39.14,0.00094969
39.15,0.00093393
39.16,0.00092047
39.17,0.00090957
39.18,0.00090145
39.19,0.00089627
39.2,0.00089418
39.21,0.00089527
39.22,0.00089959
39.23,0.00090714
39.24,0.00091788
39.25,0.00093173
39.26,0.00094856
39.27,0.00096819
39.28,0.00099041
39.29,0.001015
39.3,0.0010416
39.31,0.00107
39.32,0.0010998
39.33,0.0011306
39.34,0.0011621
39.35,0.0011939
39.36,0.0012256
39.37,0.0012568
39.38,0.0012871
39.39,0.0013162
39.4,0.0013436
39.41,0.0013691
39.42,0.0013923
39.43,0.001413
39.44,0.0014309
39.45,0.0014458
39.46,0.0014575
39.47,0.001466
39.48,0.0014711
39.49,0.0014728
39.5,0.0014712
39.51,0.0014663
39.52,0.0014582
39.53,0.0014471
39.54,0.0014333
39.55,0.0014169
39.56,0.0013982
39.57,0.0013776
39.58,0.0013554
39.59,0.0013319
39.6,0.0013077
39.61,0.001283
39.62,0.0012583
39.63,0.001234
39.64,0.0012105
39.65,0.0011882
39.66,0.0011676
39.67,0.0011489
39.68,0.0011326
39.69,0.0011188
39.7,0.0011081
39.71,0.0011004
39.72,0.0010961
39.73,0.0010953
39.74,0.0010981
39.75,0.0011046
39.76,0.0011147
39.77,0.0011284
39.78,0.0011456
39.79,0.0011662
39.8,0.00119
39.81,0.0012168
39.82,0.0012462
39.83,0.001278
39.84,0.0013119
39.85,0.0013474
39.86,0.0013843
39.87,0.001422
39.88,0.0014602
39.89,0.0014986
39.9,0.0015366
39.91,0.0015739
39.92,0.0016101
39.93,0.0016449
39.94,0.0016779
39.95,0.0017088
39.96,0.0017375
39.97,0.0017637
39.98,0.0017871
39.99,0.0018078
40,0.0018257
40.01,0.0018407
40.02,0.0018529
40.03,0.0018624
40.04,0.0018694
40.05,0.0018741
40.06,0.0018767
40.07,0.0018775
40.08,0.001877
40.09,0.0018755
40.1,0.0018733
40.11,0.0018711
40.12,0.0018692
40.13,0.0018681
40.14,0.0018683
40.15,0.0018704
40.16,0.0018747
40.17,0.0018819
40.18,0.0018922
40.19,0.0019062
40.2,0.0019242
40.21,0.0019466
40.22,0.0019736
40.23,0.0020055
40.24,0.0020425
40.25,0.0020846
40.26,0.0021319
40.27,0.0021844
40.28,0.0022419
40.29,0.0023044
40.3,0.0023715
40.31,0.002443
40.32,0.0025185
40.33,0.0025974
40.34,0.0026794
40.35,0.0027638
40.36,0.0028501
40.37,0.0029375
40.38,0.0030255
40.39,0.0031132
40.4,0.0031999
40.41,0.0032849
40.42,0.0033675
40.43,0.0034468
40.44,0.0035221
40.45,0.0035928
40.46,0.0036582
40.47,0.0037176
40.48,0.0037705
40.49,0.0038163
40.5,0.0038546
40.51,0.003885
40.52,0.0039073
40.53,0.0039211
40.54,0.0039263
40.55,0.0039229
40.56,0.003911
40.57,0.0038906
40.58,0.0038619
40.59,0.0038254
40.6,0.0037813
40.61,0.0037301
40.62,0.0036723
40.63,0.0036086
40.64,0.0035396
40.65,0.0034661
40.66,0.0033887
40.67,0.0033083
40.68,0.0032258
40.69,0.0031419
40.7,0.0030576
40.71,0.0029736
40.72,0.0028907
40.73,0.0028099
40.74,0.0027318
40.75,0.0026572
40.76,0.0025868
40.77,0.0025211
40.78,0.0024608
40.79,0.0024063
40.8,0.002358
40.81,0.0023161
40.82,0.002281
40.83,0.0022528
40.84,0.0022315
40.85,0.002217
40.86,0.0022093
40.87,0.0022081
40.88,0.002213
40.89,0.0022238
40.9,0.00224
40.91,0.002261
40.92,0.0022863
40.93,0.0023153
40.94,0.0023472
40.95,0.0023814
40.96,0.0024172
40.97,0.0024538
40.98,0.0024905
40.99,0.0025267
41,0.0025615
41.01,0.0025943
41.02,0.0026245
41.03,0.0026516
41.04,0.002675
41.05,0.0026942
41.06,0.0027088
41.07,0.0027187
41.08,0.0027234
41.09,0.002723
41.1,0.0027172
41.11,0.0027063
41.12,0.0026902
41.13,0.0026692
41.14,0.0026436
41.15,0.0026137
41.16,0.0025801
41.17,0.0025431
41.18,0.0025034
41.19,0.0024616
41.2,0.0024184
41.21,0.0023744
41.22,0.0023304
41.23,0.0022872
41.24,0.0022454
41.25,0.0022058
41.26,0.0021691
41.27,0.002136
41.28,0.0021071
41.29,0.0020831
41.3,0.0020644
41.31,0.0020515
41.32,0.0020449
41.33,0.0020448
41.34,0.0020514
41.35,0.0020649
41.36,0.0020854
41.37,0.0021127
41.38,0.0021468
41.39,0.0021874
41.4,0.0022341
41.41,0.0022865
41.42,0.0023441
41.43,0.0024064
41.44,0.0024727
41.45,0.0025422
41.46,0.0026143
41.47,0.002688
41.48,0.0027626
41.49,0.0028372
41.5,0.002911
41.51,0.0029831
41.52,0.0030526
41.53,0.0031187
41.54,0.0031807
41.55,0.0032379
41.56,0.0032896
41.57,0.0033351
41.58,0.0033741
41.59,0.0034061
41.6,0.0034307
41.61,0.0034478
41.62,0.0034572
41.63,0.003459
41.64,0.0034532
41.65,0.0034401
41.66,0.00342
41.67,0.0033932
41.68,0.0033604
41.69,0.0033221
41.7,0.003279
41.71,0.003232
41.72,0.0031818
41.73,0.0031293
41.74,0.0030756
41.75,0.0030215
41.76,0.0029681
41.77,0.0029163
41.78,0.0028672
41.79,0.0028217
41.8,0.0027806
41.81,0.002745
41.82,0.0027156
41.83,0.002693
41.84,0.0026781
41.85,0.0026713
41.86,0.0026731
41.87,0.0026837
41.88,0.0027036
41.89,0.0027326
41.9,0.0027709
41.91,0.0028181
41.92,0.0028742
41.93,0.0029386
41.94,0.0030109
41.95,0.0030903
41.96,0.0031763
41.97,0.0032679
41.98,0.0033642
41.99,0.0034642
42,0.0035669
42.01,0.0036712
42.02,0.0037759
42.03,0.00388
42.04,0.0039821
42.05,0.0040813
42.06,0.0041764
42.07,0.0042664
42.08,0.0043502
42.09,0.004427
42.1,0.0044959
42.11,0.0045561
42.12,0.0046072
42.13,0.0046486
42.14,0.0046799
42.15,0.0047009
42.16,0.0047116
42.17,0.004712
42.18,0.0047024
42.19,0.0046831
42.2,0.0046546
42.21,0.0046176
42.22,0.0045728
42.23,0.0045212
42.24,0.0044638
42.25,0.0044017
42.26,0.004336
42.27,0.004268
42.28,0.0041991
42.29,0.0041306
42.3,0.0040638
42.31,0.0040001
42.32,0.0039409
42.33,0.0038874
42.34,0.0038409
42.35,0.0038026
42.36,0.0037736
42.37,0.0037547
42.38,0.0037469
42.39,0.0037508
42.4,0.0037671
42.41,0.003796
42.42,0.0038379
42.43,0.0038928
42.44,0.0039606
42.45,0.004041
42.46,0.0041335
42.47,0.0042375
42.48,0.0043523
42.49,0.0044768
42.5,0.00461
42.51,0.0047507
42.52,0.0048975
42.53,0.005049
42.54,0.0052036
42.55,0.0053599
42.56,0.0055161
42.57,0.0056708
42.58,0.0058221
42.59,0.0059686
42.6,0.0061087
42.61,0.0062409
42.62,0.0063638
42.63,0.0064762
42.64,0.006577
42.65,0.0066651
42.66,0.0067398
42.67,0.0068003
42.68,0.0068464
42.69,0.0068777
42.7,0.0068942
42.71,0.0068961
42.72,0.0068837
42.73,0.0068578
42.74,0.0068191
42.75,0.0067686
42.76,0.0067076
42.77,0.0066373
42.78,0.0065594
42.79,0.0064755
42.8,0.0063874
42.81,0.006297
42.82,0.0062063
42.83,0.0061172
42.84,0.0060319
42.85,0.0059522
42.86,0.0058803
42.87,0.005818
42.88,0.0057672
42.89,0.0057296
42.9,0.0057068
42.91,0.0057001
42.92,0.0057109
42.93,0.0057401
42.94,0.0057885
42.95,0.0058566
42.96,0.0059448
42.97,0.0060531
42.98,0.0061813
42.99,0.0063288
43,0.006495
43.01,0.0066787
43.02,0.0068788
43.03,0.0070937
43.04,0.0073218
43.05,0.007561
43.06,0.0078094
43.07,0.0080646
43.08,0.0083244
43.09,0.0085861
43.1,0.0088474
43.11,0.0091057
43.12,0.0093584
43.13,0.0096031
43.14,0.0098373
43.15,0.010059
43.16,0.010265
43.17,0.010455
43.18,0.010626
43.19,0.010777
43.2,0.010907
43.21,0.011014
43.22,0.011099
43.23,0.01116
43.24,0.011198
43.25,0.011213
43.26,0.011206
43.27,0.011178
43.28,0.01113
43.29,0.011064
43.3,0.010982
43.31,0.010887
43.32,0.01078
43.33,0.010665
43.34,0.010545
43.35,0.010423
43.36,0.010303
43.37,0.010187
43.38,0.010079
43.39,0.009983
43.4,0.0099018
43.41,0.0098389
43.42,0.0097974
43.43,0.0097803
43.44,0.0097903
43.45,0.0098299
43.46,0.0099011
43.47,0.010006
43.48,0.010145
43.49,0.01032
43.5,0.010532
43.51,0.01078
43.52,0.011064
43.53,0.011384
43.54,0.011737
43.55,0.012123
43.56,0.012538
43.57,0.012981
43.58,0.013448
43.59,0.013936
43.6,0.014441
43.61,0.01496
43.62,0.015487
43.63,0.016019
43.64,0.01655
43.65,0.017077
43.66,0.017594
43.67,0.018098
43.68,0.018583
43.69,0.019045
43.7,0.019481
43.71,0.019886
43.72,0.020257
43.73,0.020592
43.74,0.020889
43.75,0.021144
43.76,0.021358
43.77,0.021529
43.78,0.021658
43.79,0.021746
43.8,0.021793
43.81,0.021802
43.82,0.021776
43.83,0.021718
43.84,0.021633
43.85,0.021525
43.86,0.021399
43.87,0.021262
43.88,0.02112
43.89,0.02098
43.9,0.020848
43.91,0.020732
43.92,0.02064
43.93,0.020579
43.94,0.020557
43.95,0.020581
43.96,0.020659
43.97,0.020796
43.98,0.021
43.99,0.021277
44,0.021631
44.01,0.022068
44.02,0.022591
44.03,0.023204
44.04,0.023907
44.05,0.024702
44.06,0.02559
44.07,0.026568
44.08,0.027635
44.09,0.028788
44.1,0.030022
44.11,0.031331
44.12,0.032709
44.13,0.034149
44.14,0.035642
44.15,0.037179
44.16,0.03875
44.17,0.040345
44.18,0.041952
44.19,0.043561
44.2,0.045159
44.21,0.046736
44.22,0.048281
44.23,0.049781
44.24,0.051226
44.25,0.052608
44.26,0.053917
44.27,0.055145
44.28,0.056286
44.29,0.057335
44.3,0.058288
44.31,0.059146
44.32,0.059907
44.33,0.060576
44.34,0.061156
44.35,0.061656
44.36,0.062085
44.37,0.062457
44.38,0.062786
44.39,0.063091
44.4,0.063392
44.41,0.063712
44.42,0.064078
44.43,0.064518
44.44,0.065063
44.45,0.065746
44.46,0.066603
44.47,0.067671
44.48,0.068989
44.49,0.070599
44.5,0.072542
44.51,0.074861
44.52,0.077599
44.53,0.080802
44.54,0.084513
44.55,0.088775
44.56,0.093632
44.57,0.099125
44.58,0.10529
44.59,0.11218
44.6,0.11981
44.61,0.12823
44.62,0.13747
44.63,0.14755
44.64,0.15849
44.65,0.17032
44.66,0.18305
44.67,0.19669
44.68,0.21124
44.69,0.2267
44.7,0.24308
44.71,0.26035
44.72,0.27851
44.73,0.29752
44.74,0.31736
44.75,0.338
44.76,0.3594
44.77,0.3815
44.78,0.40426
44.79,0.42762
44.8,0.45151
44.81,0.47588
44.82,0.50064
44.83,0.52573
44.84,0.55105
44.85,0.57652
44.86,0.60207
44.87,0.62758
44.88,0.65298
44.89,0.67817
44.9,0.70305
44.91,0.72752
44.92,0.75149
44.93,0.77486
44.94,0.79753
44.95,0.81942
44.96,0.84042
44.97,0.86045
44.98,0.87943
44.99,0.89726
45,0.91388
45.01,0.92921
45.02,0.94319
45.03,0.95574
45.04,0.96682
45.05,0.97637
45.06,0.98435
45.07,0.99073
45.08,0.99548
45.09,0.99857
45.1,1
45.11,0.99976
45.12,0.99784
45.13,0.99427
45.14,0.98905
45.15,0.98221
45.16,0.97379
45.17,0.96381
45.18,0.95234
45.19,0.93942
45.2,0.92511
45.21,0.90947
45.22,0.89258
45.23,0.8745
45.24,0.85533
45.25,0.83513
45.26,0.81401
45.27,0.79204
45.28,0.76933
45.29,0.74596
45.3,0.72203
45.31,0.69763
45.32,0.67286
45.33,0.64782
45.34,0.6226
45.35,0.5973
45.36,0.57199
45.37,0.54678
45.38,0.52175
45.39,0.49697
45.4,0.47253
45.41,0.4485
45.42,0.42495
45.43,0.40194
45.44,0.37953
45.45,0.35778
45.46,0.33674
45.47,0.31644
45.48,0.29693
45.49,0.27823
45.5,0.26038
45.51,0.24339
45.52,0.22728
45.53,0.21205
45.54,0.19771
45.55,0.18426
45.56,0.17169
45.57,0.16
45.58,0.14916
45.59,0.13916
45.6,0.12997
45.61,0.12156
45.62,0.11392
45.63,0.107
45.64,0.10076
45.65,0.095182
45.66,0.090215
45.67,0.085821
45.68,0.08196
45.69,0.07859
45.7,0.075669
45.71,0.073156
45.72,0.071009
45.73,0.069188
45.74,0.067653
45.75,0.066366
45.76,0.06529
45.77,0.06439
45.78,0.063633
45.79,0.062988
45.8,0.062425
45.81,0.061918
45.82,0.061442
45.83,0.060976
45.84,0.060501
45.85,0.059998
45.86,0.059455
45.87,0.058859
45.88,0.058199
45.89,0.05747
45.9,0.056665
45.91,0.055783
45.92,0.05482
45.93,0.05378
45.94,0.052662
45.95,0.051473
45.96,0.050217
45.97,0.0489
45.98,0.04753
45.99,0.046115
46,0.044665
46.01,0.043188
46.02,0.041694
46.03,0.040193
46.04,0.038696
46.05,0.037212
46.06,0.03575
46.07,0.034319
46.08,0.032929
46.09,0.031586
46.1,0.030299
46.11,0.029074
46.12,0.027915
46.13,0.026829
46.14,0.025819
46.15,0.024887
46.16,0.024036
46.17,0.023267
46.18,0.022579
46.19,0.021972
46.2,0.021445
46.21,0.020994
46.22,0.020617
46.23,0.020309
46.24,0.020066
46.25,0.019884
46.26,0.019756
46.27,0.019676
46.28,0.019639
46.29,0.019639
46.3,0.019668
46.31,0.019719
46.32,0.019788
46.33,0.019867
46.34,0.01995
46.35,0.020031
46.36,0.020106
46.37,0.020168
46.38,0.020213
46.39,0.020236
46.4,0.020235
46.41,0.020206
46.42,0.020146
46.43,0.020054
46.44,0.019928
46.45,0.019767
46.46,0.01957
46.47,0.019339
46.48,0.019074
46.49,0.018777
46.5,0.018448
46.51,0.018091
46.52,0.017708
46.53,0.017302
46.54,0.016876
46.55,0.016434
46.56,0.015978
46.57,0.015514
46.58,0.015044
46.59,0.014573
46.6,0.014104
46.61,0.013642
46.62,0.013189
46.63,0.012748
46.64,0.012325
46.65,0.01192
46.66,0.011537
46.67,0.011178
46.68,0.010845
46.69,0.01054
46.7,0.010263
46.71,0.010017
46.72,0.0098002
46.73,0.0096142
46.74,0.0094584
46.75,0.0093322
46.76,0.0092345
46.77,0.0091642
46.78,0.0091197
46.79,0.009099
46.8,0.0091003
46.81,0.0091211
46.82,0.0091591
46.83,0.0092116
46.84,0.0092759
46.85,0.0093494
46.86,0.0094293
46.87,0.0095127
46.88,0.0095969
46.89,0.0096794
46.9,0.0097575
46.91,0.0098289
46.92,0.0098914
46.93,0.009943
46.94,0.0099818
46.95,0.010006
46.96,0.010015
46.97,0.010007
46.98,0.0099815
46.99,0.0099379
47,0.009876
47.01,0.0097958
47.02,0.0096974
47.03,0.0095816
47.04,0.0094489
47.05,0.0093005
47.06,0.0091374
47.07,0.0089611
47.08,0.0087731
47.09,0.008575
47.1,0.0083688
47.11,0.0081561
47.12,0.007939
47.13,0.0077195
47.14,0.0074995
47.15,0.0072809
47.16,0.0070657
47.17,0.0068557
47.18,0.0066527
47.19,0.0064583
47.2,0.006274
47.21,0.0061012
47.22,0.0059409
47.23,0.0057944
47.24,0.0056622
47.25,0.0055452
47.26,0.0054437
47.27,0.0053579
47.28,0.0052878
47.29,0.0052334
47.3,0.0051941
47.31,0.0051696
47.32,0.0051589
47.33,0.0051614
47.34,0.0051759
47.35,0.0052012
47.36,0.0052362
47.37,0.0052795
47.38,0.0053295
47.39,0.0053849
47.4,0.0054442
47.41,0.0055057
47.42,0.0055679
47.43,0.0056294
47.44,0.0056887
47.45,0.0057445
47.46,0.0057953
47.47,0.00584
47.48,0.0058774
47.49,0.0059067
47.5,0.0059269
47.51,0.0059374
47.52,0.0059375
47.53,0.005927
47.54,0.0059054
47.55,0.0058728
47.56,0.0058293
47.57,0.0057749
47.58,0.0057101
47.59,0.0056354
47.6,0.0055513
47.61,0.0054587
47.62,0.0053584
47.63,0.0052513
47.64,0.0051385
47.65,0.005021
47.66,0.0049
47.67,0.0047766
47.68,0.0046521
47.69,0.0045275
47.7,0.0044042
47.71,0.0042832
47.72,0.0041656
47.73,0.0040526
47.74,0.0039449
47.75,0.0038437
47.76,0.0037495
47.77,0.0036632
47.78,0.0035854
47.79,0.0035164
47.8,0.0034566
47.81,0.0034064
47.82,0.0033657
47.83,0.0033346
47.84,0.0033129
47.85,0.0033004
47.86,0.0032967
47.87,0.0033014
47.88,0.0033138
47.89,0.0033332
47.9,0.0033591
47.91,0.0033905
47.92,0.0034265
47.93,0.0034664
47.94,0.0035091
47.95,0.0035536
47.96,0.0035991
47.97,0.0036445
47.98,0.0036889
47.99,0.0037314
48,0.0037711
48.01,0.0038073
48.02,0.003839
48.03,0.0038658
48.04,0.0038869
48.05,0.0039019
48.06,0.0039103
48.07,0.0039118
48.08,0.0039062
48.09,0.0038933
48.1,0.0038731
48.11,0.0038457
48.12,0.0038112
48.13,0.0037699
48.14,0.0037221
48.15,0.0036684
48.16,0.0036091
48.17,0.0035449
48.18,0.0034763
48.19,0.0034041
48.2,0.0033291
48.21,0.0032519
48.22,0.0031733
48.23,0.0030941
48.24,0.0030151
48.25,0.0029372
48.26,0.0028609
48.27,0.0027871
48.28,0.0027165
48.29,0.0026496
48.3,0.0025871
48.31,0.0025294
48.32,0.0024771
48.33,0.0024305
48.34,0.0023898
48.35,0.0023554
48.36,0.0023274
48.37,0.0023058
48.38,0.0022905
48.39,0.0022815
48.4,0.0022786
48.41,0.0022815
48.42,0.0022899
48.43,0.0023033
48.44,0.0023214
48.45,0.0023436
48.46,0.0023694
48.47,0.0023981
48.48,0.0024291
48.49,0.0024618
48.5,0.0024956
48.51,0.0025297
48.52,0.0025636
48.53,0.0025965
48.54,0.0026279
48.55,0.0026571
48.56,0.0026837
48.57,0.0027071
48.58,0.0027268
48.59,0.0027425
48.6,0.0027537
48.61,0.0027603
48.62,0.002762
48.63,0.0027586
48.64,0.0027501
48.65,0.0027365
48.66,0.0027178
48.67,0.0026942
48.68,0.0026658
48.69,0.002633
48.7,0.0025959
48.71,0.0025551
48.72,0.0025108
48.73,0.0024636
48.74,0.0024139
48.75,0.0023623
48.76,0.0023092
48.77,0.0022553
48.78,0.0022011
48.79,0.0021471
48.8,0.0020939
48.81,0.0020419
48.82,0.0019919
48.83,0.0019441
48.84,0.001899
48.85,0.0018572
48.86,0.0018188
48.87,0.0017843
48.88,0.0017538
48.89,0.0017277
48.9,0.0017059
48.91,0.0016887
48.92,0.0016761
48.93,0.001668
48.94,0.0016644
48.95,0.001665
48.96,0.0016698
48.97,0.0016784
48.98,0.0016906
48.99,0.001706
49,0.0017243
49.01,0.0017451
49.02,0.0017678
49.03,0.0017922
49.04,0.0018176
49.05,0.0018438
49.06,0.00187
49.07,0.001896
49.08,0.0019211
49.09,0.0019451
49.1,0.0019674
49.11,0.0019877
49.12,0.0020055
49.13,0.0020207
49.14,0.0020328
49.15,0.0020416
49.16,0.002047
49.17,0.0020487
49.18,0.0020467
49.19,0.0020409
49.2,0.0020314
49.21,0.0020181
49.22,0.0020012
49.23,0.0019808
49.24,0.0019572
49.25,0.0019304
49.26,0.0019009
49.27,0.0018689
49.28,0.0018347
49.29,0.0017987
49.3,0.0017614
49.31,0.001723
49.32,0.001684
49.33,0.0016447
49.34,0.0016057
49.35,0.0015673
49.36,0.00153
49.37,0.0014939
49.38,0.0014597
49.39,0.0014274
49.4,0.0013976
49.41,0.0013703
49.42,0.0013459
49.43,0.0013246
49.44,0.0013065
49.45,0.0012917
49.46,0.0012802
49.47,0.0012721
49.48,0.0012675
49.49,0.0012661
49.5,0.0012679
49.51,0.0012728
49.52,0.0012805
49.53,0.0012909
49.54,0.0013037
49.55,0.0013186
49.56,0.0013353
49.57,0.0013535
49.58,0.0013729
49.59,0.001393
49.6,0.0014137
49.61,0.0014344
49.62,0.0014548
49.63,0.0014746
49.64,0.0014935
49.65,0.0015111
49.66,0.0015271
49.67,0.0015413
49.68,0.0015534
49.69,0.0015631
49.7,0.0015704
49.71,0.001575
49.72,0.0015769
49.73,0.0015759
49.74,0.001572
49.75,0.0015653
49.76,0.0015557
49.77,0.0015433
49.78,0.0015282
49.79,0.0015107
49.8,0.0014908
49.81,0.0014687
49.82,0.0014448
49.83,0.0014192
49.84,0.0013922
49.85,0.0013641
49.86,0.0013352
49.87,0.0013059
49.88,0.0012764
49.89,0.001247
49.9,0.0012181
49.91,0.00119
49.92,0.0011629
49.93,0.0011371
49.94,0.0011129
49.95,0.0010905
49.96,0.0010701
49.97,0.0010519
49.98,0.001036
49.99,0.0010226
50,0.0010117
50.01,0.0010034
50.02,0.00099778
50.03,0.00099472
50.04,0.00099422
50.05,0.00099618
50.06,0.0010005
50.07,0.0010071
50.08,0.0010157
50.09,0.0010261
50.1,0.0010383
50.11,0.0010518
50.12,0.0010665
50.13,0.0010821
50.14,0.0010983
50.15,0.0011149
50.16,0.0011316
50.17,0.0011481
50.18,0.0011641
50.19,0.0011794
50.2,0.0011937
50.21,0.0012067
50.22,0.0012184
50.23,0.0012284
50.24,0.0012367
50.25,0.0012429
50.26,0.0012472
50.27,0.0012492
50.28,0.001249
50.29,0.0012466
50.3,0.0012419
50.31,0.0012349
50.32,0.0012258
50.33,0.0012145
50.34,0.0012013
50.35,0.0011862
50.36,0.0011693
50.37,0.001151
50.38,0.0011313
50.39,0.0011105
50.4,0.0010888
50.41,0.0010665
50.42,0.0010438
50.43,0.0010208
50.44,0.000998
50.45,0.00097549
50.46,0.00095353
50.47,0.00093237
50.48,0.00091222
50.49,0.00089328
50.5,0.00087573
50.51,0.00085975
50.52,0.00084547
50.53,0.00083303
50.54,0.00082252
50.55,0.00081401
50.56,0.00080755
50.57,0.00080316
50.58,0.00080083
50.59,0.00080053
50.6,0.0008022
50.61,0.00080576
50.62,0.0008111
50.63,0.0008181
50.64,0.0008266
50.65,0.00083644
50.66,0.00084744
50.67,0.0008594
50.68,0.00087211
50.69,0.00088537
50.7,0.00089895
50.71,0.00091263
50.72,0.0009262
50.73,0.00093943
50.74,0.00095211
50.75,0.00096405
50.76,0.00097504
50.77,0.00098493
50.78,0.00099353
50.79,0.0010007
50.8,0.0010064
50.81,0.0010104
50.82,0.0010127
50.83,0.0010132
50.84,0.0010118
50.85,0.0010087
50.86,0.0010038
50.87,0.00099703
50.88,0.0009886
50.89,0.00097853
50.9,0.00096694
50.91,0.00095394
50.92,0.00093968
50.93,0.0009243
50.94,0.00090798
50.95,0.00089088
50.96,0.00087321
50.97,0.00085516
50.98,0.00083692
50.99,0.00081868
51,0.00080066
51.01,0.00078304
51.02,0.000766
51.03,0.00074974
51.04,0.0007344
51.05,0.00072016
51.06,0.00070714
51.07,0.00069547
51.08,0.00068525
51.09,0.00067658
51.1,0.00066951
51.11,0.00066408
51.12,0.00066033
51.13,0.00065826
51.14,0.00065783
51.15,0.00065902
51.16,0.00066177
51.17,0.00066598
51.18,0.00067157
51.19,0.00067841
51.2,0.00068638
51.21,0.00069534
51.22,0.00070513
51.23,0.00071558
51.24,0.00072652
51.25,0.00073778
51.26,0.00074918
51.27,0.00076053
51.28,0.00077167
51.29,0.00078241
51.3,0.0007926
51.31,0.00080206
51.32,0.00081066
51.33,0.00081826
51.34,0.00082473
51.35,0.00082998
51.36,0.0008339
51.37,0.00083644
51.38,0.00083753
51.39,0.00083714
51.4,0.00083526
51.41,0.00083188
51.42,0.00082704
51.43,0.00082078
51.44,0.00081315
51.45,0.00080423
51.46,0.00079413
51.47,0.00078293
51.48,0.00077078
51.49,0.00075779
51.5,0.00074412
51.51,0.00072992
51.52,0.00071533
51.53,0.00070053
51.54,0.00068567
51.55,0.00067092
51.56,0.00065644
51.57,0.00064238
51.58,0.0006289
51.59,0.00061613
51.6,0.00060421
51.61,0.00059325
51.62,0.00058336
51.63,0.00057464
51.64,0.00056715
51.65,0.00056097
51.66,0.00055614
51.67,0.00055268
51.68,0.0005506
51.69,0.00054989
51.7,0.00055053
51.71,0.00055247
51.72,0.00055566
51.73,0.00056002
51.74,0.00056545
51.75,0.00057187
51.76,0.00057915
51.77,0.00058717
51.78,0.0005958
51.79,0.0006049
51.8,0.00061433
51.81,0.00062393
51.82,0.00063356
51.83,0.00064308
51.84,0.00065233
51.85,0.00066117
51.86,0.00066948
51.87,0.00067712
51.88,0.00068398
51.89,0.00068995
51.9,0.00069493
51.91,0.00069885
51.92,0.00070163
51.93,0.00070324
51.94,0.00070362
51.95,0.00070276
51.96,0.00070066
51.97,0.00069732
51.98,0.00069278
51.99,0.00068707
52,0.00068026
52.01,0.00067241
52.02,0.00066362
52.03,0.00065396
52.04,0.00064356
52.05,0.00063253
52.06,0.00062098
52.07,0.00060905
52.08,0.00059687
52.09,0.00058457
52.1,0.00057229
52.11,0.00056017
52.12,0.00054834
52.13,0.00053692
52.14,0.00052603
52.15,0.0005158
52.16,0.00050632
52.17,0.00049769
52.18,0.00049
52.19,0.00048331
52.2,0.00047769
52.21,0.00047317
52.22,0.0004698
52.23,0.00046758
52.24,0.00046651
52.25,0.00046659
52.26,0.00046778
52.27,0.00047004
52.28,0.00047331
52.29,0.00047754
52.3,0.00048263
52.31,0.00048851
52.32,0.00049507
52.33,0.00050219
52.34,0.00050978
52.35,0.00051771
52.36,0.00052586
52.37,0.0005341
52.38,0.00054232
52.39,0.00055038
52.4,0.00055816
52.41,0.00056556
52.42,0.00057246
52.43,0.00057875
52.44,0.00058434
52.45,0.00058915
52.46,0.00059309
52.47,0.00059612
52.48,0.00059817
52.49,0.0005992
52.5,0.0005992
52.51,0.00059814
52.52,0.00059604
52.53,0.0005929
52.54,0.00058875
52.55,0.00058364
52.56,0.00057761
52.57,0.00057074
52.58,0.00056309
52.59,0.00055474
52.6,0.0005458
52.61,0.00053637
52.62,0.00052653
52.63,0.00051642
52.64,0.00050613
52.65,0.00049579
52.66,0.0004855
52.67,0.00047538
52.68,0.00046555
52.69,0.00045611
52.7,0.00044715
52.71,0.00043877
52.72,0.00043107
52.73,0.00042411
52.74,0.00041797
52.75,0.00041269
52.76,0.00040834
52.77,0.00040493
52.78,0.0004025
52.79,0.00040104
52.8,0.00040057
52.81,0.00040106
52.82,0.00040248
52.83,0.0004048
52.84,0.00040797
52.85,0.00041192
52.86,0.00041659
52.87,0.00042189
52.88,0.00042775
52.89,0.00043406
52.9,0.00044073
52.91,0.00044766
52.92,0.00045475
52.93,0.00046188
52.94,0.00046896
52.95,0.00047587
52.96,0.00048252
52.97,0.00048881
52.98,0.00049464
52.99,0.00049994
53,0.00050461
53.01,0.0005086
53.02,0.00051183
53.03,0.00051426
53.04,0.00051585
53.05,0.00051657
53.06,0.00051639
53.07,0.00051532
53.08,0.00051335
53.09,0.00051049
53.1,0.00050679
53.11,0.00050227
53.12,0.00049698
53.13,0.00049098
53.14,0.00048433
53.15,0.00047711
53.16,0.0004694
53.17,0.00046128
53.18,0.00045284
53.19,0.00044419
53.2,0.00043541
53.21,0.0004266
53.22,0.00041787
53.23,0.0004093
53.24,0.000401
53.25,0.00039304
53.26,0.00038553
53.27,0.00037853
53.28,0.00037212
53.29,0.00036636
53.3,0.00036132
53.31,0.00035702
53.32,0.00035353
53.33,0.00035085
53.34,0.00034901
53.35,0.00034801
53.36,0.00034785
53.37,0.00034851
53.38,0.00034998
53.39,0.0003522
53.4,0.00035514
53.41,0.00035875
53.42,0.00036296
53.43,0.0003677
53.44,0.0003729
53.45,0.00037849
53.46,0.00038436
53.47,0.00039045
53.48,0.00039665
53.49,0.00040287
53.5,0.00040903
53.51,0.00041504
53.52,0.00042081
53.53,0.00042625
53.54,0.00043128
53.55,0.00043584
53.56,0.00043986
53.57,0.00044327
53.58,0.00044603
53.59,0.00044808
53.6,0.00044941
53.61,0.00044998
53.62,0.00044977
53.63,0.00044879
53.64,0.00044704
53.65,0.00044453
53.66,0.00044128
53.67,0.00043733
53.68,0.00043272
53.69,0.00042751
53.7,0.00042174
53.71,0.00041548
53.72,0.0004088
53.73,0.00040178
53.74,0.0003945
53.75,0.00038703
53.76,0.00037946
53.77,0.00037188
53.78,0.00036437
53.79,0.00035701
53.8,0.00034989
53.81,0.00034307
53.82,0.00033664
53.83,0.00033067
53.84,0.0003252
53.85,0.00032031
53.86,0.00031604
53.87,0.00031242
53.88,0.00030949
53.89,0.00030728
53.9,0.00030579
53.91,0.00030504
53.92,0.00030501
53.93,0.00030569
53.94,0.00030706
53.95,0.0003091
53.96,0.00031175
53.97,0.00031498
53.98,0.00031874
53.99,0.00032295
54,0.00032756
54.01,0.00033249
54.02,0.00033768
54.03,0.00034304
54.04,0.00034851
54.05,0.00035399
54.06,0.00035941
54.07,0.0003647
54.08,0.00036978
54.09,0.00037457
54.1,0.000379
54.11,0.00038302
54.12,0.00038657
54.13,0.00038959
54.14,0.00039204
54.15,0.00039388
54.16,0.00039508
54.17,0.00039562
54.18,0.00039548
54.19,0.00039467
54.2,0.00039319
54.21,0.00039104
54.22,0.00038825
54.23,0.00038485
54.24,0.00038087
54.25,0.00037636
54.26,0.00037136
54.27,0.00036594
54.28,0.00036015
54.29,0.00035405
54.3,0.00034772
54.31,0.00034123
54.32,0.00033465
54.33,0.00032806
54.34,0.00032152
54.35,0.00031511
54.36,0.0003089
54.37,0.00030296
54.38,0.00029735
54.39,0.00029214
54.4,0.00028737
54.41,0.00028309
54.42,0.00027936
54.43,0.0002762
54.44,0.00027364
54.45,0.0002717
54.46,0.0002704
54.47,0.00026974
54.48,0.00026972
54.49,0.00027032
54.5,0.00027153
54.51,0.00027331
54.52,0.00027565
54.53,0.0002785
54.54,0.0002818
54.55,0.00028552
54.56,0.00028958
54.57,0.00029394
54.58,0.00029853
54.59,0.00030328
54.6,0.00030813
54.61,0.000313
54.62,0.00031782
54.63,0.00032254
54.64,0.00032707
54.65,0.00033136
54.66,0.00033535
54.67,0.00033898
54.68,0.0003422
54.69,0.00034496
54.7,0.00034722
54.71,0.00034895
54.72,0.00035013
54.73,0.00035072
54.74,0.00035073
54.75,0.00035013
54.76,0.00034894
54.77,0.00034717
54.78,0.00034483
54.79,0.00034195
54.8,0.00033855
54.81,0.00033467
54.82,0.00033036
54.83,0.00032567
54.84,0.00032064
54.85,0.00031534
54.86,0.00030982
54.87,0.00030414
54.88,0.00029837
54.89,0.00029258
54.9,0.00028682
54.91,0.00028117
54.92,0.00027568
54.93,0.00027041
54.94,0.00026543
54.95,0.00026078
54.96,0.00025652
54.97,0.00025269
54.98,0.00024933
54.99,0.00024646
55,0.00024412
55.01,0.00024233
55.02,0.0002411
55.03,0.00024043
55.04,0.00024033
55.05,0.00024078
55.06,0.00024177
55.07,0.00024328
55.08,0.00024528
55.09,0.00024774
55.1,0.00025062
55.11,0.00025387
55.12,0.00025745
55.13,0.00026129
55.14,0.00026536
55.15,0.00026958
55.16,0.0002739
55.17,0.00027825
55.18,0.00028259
55.19,0.00028684
55.2,0.00029095
55.21,0.00029485
55.22,0.0002985
55.23,0.00030185
55.24,0.00030484
55.25,0.00030744
55.26,0.00030961
55.27,0.00031132
55.28,0.00031253
55.29,0.00031324
55.3,0.00031342
55.31,0.00031308
55.32,0.00031221
55.33,0.00031081
55.34,0.0003089
55.35,0.00030651
55.36,0.00030365
55.37,0.00030036
55.38,0.00029666
55.39,0.00029262
55.4,0.00028826
55.41,0.00028363
55.42,0.0002788
55.43,0.00027381
55.44,0.00026872
55.45,0.00026359
55.46,0.00025848
55.47,0.00025343
55.48,0.00024852
55.49,0.00024378
55.5,0.00023928
55.51,0.00023506
55.52,0.00023117
55.53,0.00022765
55.54,0.00022453
55.55,0.00022185
55.56,0.00021963
55.57,0.00021788
55.58,0.00021664
55.59,0.00021589
55.6,0.00021565
55.61,0.00021591
55.62,0.00021665
55.63,0.00021786
55.64,0.00021952
55.65,0.0002216
55.66,0.00022407
55.67,0.00022688
55.68,0.00023001
55.69,0.00023339
55.7,0.00023698
55.71,0.00024074
55.72,0.00024461
55.73,0.00024853
55.74,0.00025245
55.75,0.00025632
55.76,0.00026008
55.77,0.00026369
55.78,0.00026709
55.79,0.00027023
55.8,0.00027307
55.81,0.00027558
55.82,0.00027772
55.83,0.00027945
55.84,0.00028076
55.85,0.00028161
55.86,0.00028201
55.87,0.00028193
55.88,0.00028138
55.89,0.00028036
55.9,0.00027887
55.91,0.00027694
55.92,0.00027459
55.93,0.00027183
55.94,0.0002687
55.95,0.00026523
55.96,0.00026147
55.97,0.00025745
55.98,0.00025321
55.99,0.00024882
56,0.00024431
56.01,0.00023974
56.02,0.00023516
56.03,0.00023061
56.04,0.00022616
56.05,0.00022185
56.06,0.00021772
56.07,0.00021383
56.08,0.00021021
56.09,0.00020691
56.1,0.00020395
56.11,0.00020136
56.12,0.00019918
56.13,0.00019743
56.14,0.00019611
56.15,0.00019523
56.16,0.00019481
56.17,0.00019484
56.18,0.00019532
56.19,0.00019622
56.2,0.00019754
56.21,0.00019924
56.22,0.00020131
56.23,0.00020372
56.24,0.00020642
56.25,0.00020937
56.26,0.00021254
56.27,0.00021588
56.28,0.00021935
56.29,0.00022289
56.3,0.00022646
56.31,0.00023
56.32,0.00023348
56.33,0.00023684
56.34,0.00024004
56.35,0.00024304
56.36,0.00024578
56.37,0.00024825
56.38,0.00025039
56.39,0.00025219
56.4,0.00025361
56.41,0.00025464
56.42,0.00025526
56.43,0.00025546
56.44,0.00025524
56.45,0.00025459
56.46,0.00025351
56.47,0.00025202
56.48,0.00025014
56.49,0.00024788
56.5,0.00024527
56.51,0.00024234
56.52,0.00023911
56.53,0.00023563
56.54,0.00023194
56.55,0.00022807
56.56,0.00022407
56.57,0.00021998
56.58,0.00021586
56.59,0.00021174
56.6,0.00020768
56.61,0.00020371
56.62,0.00019989
56.63,0.00019625
56.64,0.00019283
56.65,0.00018967
56.66,0.00018681
56.67,0.00018427
56.68,0.00018208
56.69,0.00018026
56.7,0.00017883
56.71,0.0001778
56.72,0.00017718
56.73,0.00017696
56.74,0.00017715
56.75,0.00017773
56.76,0.00017871
56.77,0.00018005
56.78,0.00018173
56.79,0.00018374
56.8,0.00018603
56.81,0.00018858
56.82,0.00019136
56.83,0.00019431
56.84,0.00019741
56.85,0.00020061
56.86,0.00020386
56.87,0.00020712
56.88,0.00021035
56.89,0.00021351
56.9,0.00021655
56.91,0.00021943
56.92,0.00022211
56.93,0.00022455
56.94,0.00022673
56.95,0.00022862
56.96,0.00023018
56.97,0.0002314
56.98,0.00023225
56.99,0.00023273
57,0.00023283
57.01,0.00023253
57.02,0.00023186
57.03,0.0002308
57.04,0.00022937
57.05,0.00022758
57.06,0.00022546
57.07,0.00022302
57.08,0.00022029
57.09,0.00021731
57.1,0.00021411
57.11,0.00021072
57.12,0.00020718
57.13,0.00020353
57.14,0.00019981
57.15,0.00019607
57.16,0.00019234
57.17,0.00018867
57.18,0.0001851
57.19,0.00018167
57.2,0.00017841
57.21,0.00017536
57.22,0.00017256
57.23,0.00017002
57.24,0.00016779
57.25,0.00016588
57.26,0.00016432
57.27,0.0001631
57.28,0.00016226
57.29,0.00016178
57.3,0.00016168
57.31,0.00016194
57.32,0.00016257
57.33,0.00016354
57.34,0.00016485
57.35,0.00016646
57.36,0.00016837
57.37,0.00017053
57.38,0.00017292
57.39,0.00017551
57.4,0.00017826
57.41,0.00018113
57.42,0.00018409
57.43,0.00018709
57.44,0.00019009
57.45,0.00019306
57.46,0.00019595
57.47,0.00019873
57.48,0.00020136
57.49,0.0002038
57.5,0.00020603
57.51,0.00020801
57.52,0.00020971
57.53,0.00021112
57.54,0.00021221
57.55,0.00021296
57.56,0.00021338
57.57,0.00021344
57.58,0.00021314
57.59,0.0002125
57.6,0.0002115
57.61,0.00021017
57.62,0.00020851
57.63,0.00020655
57.64,0.0002043
57.65,0.00020179
57.66,0.00019905
57.67,0.00019611
57.68,0.000193
57.69,0.00018976
57.7,0.00018642
57.71,0.00018302
57.72,0.0001796
57.73,0.0001762
57.74,0.00017285
57.75,0.00016959
57.76,0.00016647
57.77,0.0001635
57.78,0.00016074
57.79,0.00015819
57.8,0.0001559
57.81,0.00015389
57.82,0.00015217
57.83,0.00015077
57.84,0.00014969
57.85,0.00014895
57.86,0.00014854
57.87,0.00014848
57.88,0.00014876
57.89,0.00014937
57.9,0.00015029
57.91,0.00015152
57.92,0.00015304
57.93,0.00015482
57.94,0.00015683
57.95,0.00015906
57.96,0.00016147
57.97,0.00016402
57.98,0.00016668
57.99,0.00016942
58,0.0001722
58.01,0.00017499
58.02,0.00017774
58.03,0.00018042
58.04,0.000183
58.05,0.00018544
58.06,0.00018771
58.07,0.00018978
58.08,0.00019162
58.09,0.00019321
58.1,0.00019452
58.11,0.00019555
58.12,0.00019627
58.13,0.00019667
58.14,0.00019675
58.15,0.0001965
58.16,0.00019593
58.17,0.00019503
58.18,0.00019383
58.19,0.00019232
58.2,0.00019053
58.21,0.00018848
58.22,0.00018619
58.23,0.00018369
58.24,0.00018099
58.25,0.00017814
58.26,0.00017517
58.27,0.0001721
58.28,0.00016898
58.29,0.00016583
58.3,0.0001627
58.31,0.00015961
58.32,0.00015661
58.33,0.00015373
58.34,0.00015099
58.35,0.00014843
58.36,0.00014608
58.37,0.00014395
58.38,0.00014208
58.39,0.00014048
58.4,0.00013917
58.41,0.00013816
58.42,0.00013746
58.43,0.00013707
58.44,0.000137
58.45,0.00013723
58.46,0.00013778
58.47,0.00013862
58.48,0.00013974
58.49,0.00014113
58.5,0.00014277
58.51,0.00014463
58.52,0.00014668
58.53,0.0001489
58.54,0.00015127
58.55,0.00015374
58.56,0.00015629
58.57,0.00015887
58.58,0.00016147
58.59,0.00016404
58.6,0.00016655
58.61,0.00016897
58.62,0.00017127
58.63,0.00017341
58.64,0.00017538
58.65,0.00017713
58.66,0.00017866
58.67,0.00017994
58.68,0.00018095
58.69,0.00018167
58.7,0.00018211
58.71,0.00018225
58.72,0.00018208
58.73,0.00018162
58.74,0.00018085
58.75,0.0001798
58.76,0.00017846
58.77,0.00017686
58.78,0.00017501
58.79,0.00017294
58.8,0.00017066
58.81,0.0001682
58.82,0.00016559
58.83,0.00016285
58.84,0.00016003
58.85,0.00015714
58.86,0.00015423
58.87,0.00015132
58.88,0.00014845
58.89,0.00014565
58.9,0.00014295
58.91,0.00014038
58.92,0.00013797
58.93,0.00013574
58.94,0.00013372
58.95,0.00013193
58.96,0.00013039
58.97,0.00012911
58.98,0.00012811
58.99,0.00012739
59,0.00012697
59.01,0.00012683
59.02,0.00012699
59.03,0.00012743
59.04,0.00012815
59.05,0.00012914
59.06,0.00013038
59.07,0.00013185
59.08,0.00013353
59.09,0.00013541
59.1,0.00013744
59.11,0.00013962
59.12,0.00014191
59.13,0.00014427
59.14,0.00014668
59.15,0.00014911
59.16,0.00015152
59.17,0.00015389
59.18,0.00015619
59.19,0.00015837
59.2,0.00016042
59.21,0.00016231
59.22,0.00016402
59.23,0.00016552
59.24,0.00016679
59.25,0.00016782
59.26,0.00016858
59.27,0.00016908
59.28,0.0001693
59.29,0.00016925
59.3,0.0001689
59.31,0.00016828
59.32,0.00016739
59.33,0.00016623
59.34,0.00016481
59.35,0.00016316
59.36,0.00016129
59.37,0.00015922
59.38,0.00015697
59.39,0.00015457
59.4,0.00015205
59.41,0.00014943
59.42,0.00014674
59.43,0.00014401
59.44,0.00014128
59.45,0.00013856
59.46,0.0001359
59.47,0.00013332
59.48,0.00013086
59.49,0.00012852
59.5,0.00012635
59.51,0.00012436
59.52,0.00012258
59.53,0.00012102
59.54,0.0001197
59.55,0.00011863
59.56,0.00011783
59.57,0.00011729
59.58,0.00011702
59.59,0.00011702
59.6,0.00011729
59.61,0.00011781
59.62,0.00011859
59.63,0.00011961
59.64,0.00012085
59.65,0.00012229
59.66,0.00012391
59.67,0.00012569
59.68,0.00012761
59.69,0.00012963
59.7,0.00013173
59.71,0.00013388
59.72,0.00013604
59.73,0.00013818
59.74,0.00014028
59.75,0.00014231
59.76,0.00014422
59.77,0.00014599
59.78,0.0001476
59.79,0.000149
59.8,0.00015019
59.81,0.00015113
59.82,0.0001518
59.83,0.00015218
59.84,0.00015225
59.85,0.00015201
59.86,0.00015144
59.87,0.00015053
59.88,0.00014929
59.89,0.00014771
59.9,0.0001458
59.91,0.00014356
59.92,0.00014101
59.93,0.00013817
59.94,0.00013506
59.95,0.0001317
59.96,0.00012812
59.97,0.00012437
59.98,0.00012047
59.99,0.00011649
60,0.00011246
