10,64
10.01,62
10.02,62
10.03,35
10.04,54
10.05,58
10.06,65
10.07,66
10.08,67
10.09,50
10.1,58
10.11,57
10.12,55
10.13,57
10.14,49
10.15,66
10.16,51
10.17,64
10.18,50
10.19,64
10.2,55
10.21,51
10.22,58
10.23,59
10.24,50
10.25,54
10.26,55
10.27,70
10.28,58
10.29,50
10.3,53
10.31,55
10.32,62
10.33,56
10.34,73
10.35,59
10.36,63
10.37,61
10.38,56
10.39,58
10.4,50
10.41,64
10.42,50
10.43,54
10.44,44
10.45,43
10.46,50
10.47,53
10.48,53
10.49,67
10.5,52
10.51,47
10.52,53
10.53,54
10.54,48
10.55,54
10.56,41
10.57,59
10.58,56
10.59,63
10.6,49
10.61,54
10.62,61
10.63,53
10.64,52
10.65,47
10.66,46
10.67,42
10.68,45
10.69,43
10.7,59
10.71,55
10.72,55
10.73,45
10.74,49
10.75,42
10.76,40
10.77,60
10.78,46
10.79,58
10.8,56
10.81,49
10.82,62
10.83,52
10.84,59
10.85,60
10.86,57
10.87,54
10.88,50
10.89,40
10.9,58
10.91,52
10.92,65
10.93,56
10.94,55
10.95,49
10.96,57
10.97,52
10.98,59
10.99,59
11,37
11.01,46
11.02,70
11.03,52
11.04,52
11.05,47
11.06,41
11.07,54
11.08,51
11.09,45
11.1,52
11.11,49
11.12,55
11.13,42
11.14,51
11.15,44
11.16,58
11.17,45
11.18,50
11.19,50
11.2,55
11.21,55
11.22,58
11.23,54
11.24,43
11.25,47
11.26,58
11.27,43
11.28,56
11.29,47
11.3,45
11.31,61
11.32,53
11.33,55
11.34,38
11.35,47
11.36,42
11.37,63
11.38,52
11.39,58
11.4,46
11.41,63
11.42,48
11.43,64
11.44,53
11.45,58
11.46,48
11.47,56
11.48,58
11.49,46
11.5,48
11.51,42
11.52,52
11.53,50
11.54,45
11.55,57
11.56,46
11.57,56
11.58,58
11.59,44
11.6,55
11.61,55
11.62,46
11.63,51
11.64,51
11.65,55
11.66,59
11.67,56
11.68,57
11.69,44
11.7,57
11.71,61
11.72,39
11.73,54
11.74,54
11.75,44
11.76,59
11.77,64
11.78,48
11.79,42
11.8,45
11.81,55
11.82,53
11.83,54
11.84,67
11.85,65
11.86,50
11.87,59
11.88,64
11.89,63
11.9,53
11.91,51
11.92,69
11.93,57
11.94,71
11.95,61
11.96,63
11.97,50
11.98,76
11.99,72
12,63
12.01,71
12.02,54
12.03,71
12.04,65
12.05,74
12.06,85
12.07,65
12.08,78
12.09,81
12.1,62
12.11,89
12.12,83
12.13,99
12.14,71
12.15,90
12.16,94
12.17,93
12.18,90
12.19,88
12.2,66
12.21,78
12.22,96
12.23,71
12.24,103
12.25,88
12.26,106
12.27,87
12.28,105
12.29,85
12.3,91
12.31,81
12.32,114
12.33,81
12.34,96
12.35,96
12.36,94
12.37,90
12.38,88
12.39,84
12.4,85
12.41,84
12.42,71
12.43,71
12.44,99
12.45,70
12.46,76
12.47,74
12.48,72
12.49,75
12.5,73
12.51,72
12.52,71
12.53,109
12.54,66
12.55,60
12.56,70
12.57,64
12.58,61
12.59,41
12.6,50
12.61,53
12.62,66
12.63,67
12.64,75
12.65,49
12.66,64
12.67,41
12.68,62
12.69,52
12.7,50
12.71,60
12.72,48
12.73,42
12.74,58
12.75,45
12.76,39
12.77,56
12.78,42
12.79,61
12.8,61
12.81,57
12.82,63
12.83,56
12.84,48
12.85,44
12.86,43
12.87,42
12.88,47
12.89,53
12.9,57
12.91,47
12.92,50
12.93,43
12.94,51
12.95,57
12.96,59
12.97,49
12.98,45
12.99,40
13,45
13.01,39
13.02,57
13.03,41
13.04,46
13.05,42
13.06,56
13.07,42
13.08,37
13.09,51
13.1,44
13.11,46
13.12,49
13.13,58
13.14,41
13.15,48
13.16,42
13.17,50
13.18,43
13.19,58
13.2,39
13.21,41
13.22,49
13.23,45
13.24,46
13.25,47
13.26,39
13.27,43
13.28,38
13.29,38
13.3,47
13.31,45
13.32,45
13.33,55
13.34,38
13.35,40
13.36,36
13.37,50
13.38,52
13.39,36
13.4,49
13.41,46
13.42,43
13.43,53
13.44,50
13.45,44
13.46,56
13.47,50
13.48,39
13.49,49
13.5,47
13.51,50
13.52,51
13.53,49
13.54,40
13.55,46
13.56,53
13.57,43
13.58,51
13.59,45
13.6,51
13.61,47
13.62,39
13.63,47
13.64,51
13.65,51
13.66,40
13.67,32
13.68,37
13.69,46
13.7,40
13.71,43
13.72,61
13.73,45
13.74,36
13.75,45
13.76,44
13.77,45
13.78,38
13.79,41
13.8,31
13.81,40
13.82,45
13.83,46
13.84,49
13.85,43
13.86,37
13.87,47
13.88,43
13.89,43
13.9,40
13.91,41
13.92,47
13.93,44
13.94,49
13.95,29
13.96,48
13.97,46
13.98,42
13.99,49
14,35
14.01,51
14.02,44
14.03,52
14.04,39
14.05,42
14.06,47
14.07,38
14.08,47
14.09,51
14.1,45
14.11,47
14.12,43
14.13,47
14.14,45
14.15,49
14.16,44
14.17,35
14.18,47
14.19,45
14.2,49
14.21,43
14.22,49
14.23,44
14.24,62
14.25,42
14.26,39
14.27,46
14.28,43
14.29,41
14.3,39
14.31,53
14.32,40
14.33,51
14.34,53
14.35,43
14.36,41
14.37,43
14.38,48
14.39,52
14.4,46
14.41,49
14.42,42
14.43,57
14.44,40
14.45,63
14.46,58
14.47,48
14.48,52
14.49,62
14.5,46
14.51,51
14.52,60
14.53,49
14.54,74
14.55,54
14.56,60
14.57,55
14.58,55
14.59,50
14.6,49
14.61,63
14.62,46
14.63,64
14.64,45
14.65,46
14.66,55
14.67,45
14.68,49
14.69,31
14.7,40
14.71,48
14.72,49
14.73,47
14.74,40
14.75,61
14.76,45
14.77,45
14.78,55
14.79,43
14.8,35
14.81,31
14.82,37
14.83,39
14.84,41
14.85,37
14.86,44
14.87,34
14.88,42
14.89,41
14.9,44
14.91,40
14.92,53
14.93,45
14.94,40
14.95,49
14.96,39
14.97,28
14.98,68
14.99,41
15,47
15.01,55
15.02,47
15.03,47
15.04,42
15.05,37
15.06,43
15.07,40
15.08,49
15.09,40
15.1,45
15.11,42
15.12,35
15.13,39
15.14,40
15.15,42
15.16,49
15.17,37
15.18,43
15.19,45
15.2,48
15.21,46
15.22,54
15.23,55
15.24,40
15.25,48
15.26,42
15.27,44
15.28,42
15.29,44
15.3,49
15.31,40
15.32,37
15.33,35
15.34,39
15.35,45
15.36,37
15.37,54
15.38,51
15.39,48
15.4,40
15.41,43
15.42,37
15.43,50
15.44,37
15.45,42
15.46,52
15.47,37
15.48,46
15.49,47
15.5,46
15.51,47
15.52,50
15.53,31
15.54,34
15.55,56
15.56,38
15.57,39
15.58,45
15.59,44
15.6,60
15.61,48
15.62,50
15.63,31
15.64,29
15.65,37
15.66,46
15.67,39
15.68,42
15.69,51
15.7,40
15.71,42
15.72,43
15.73,46
15.74,44
15.75,51
15.76,40
15.77,56
15.78,53
15.79,40
15.8,47
15.81,39
15.82,41
15.83,43
15.84,47
15.85,41
15.86,32
15.87,50
15.88,53
15.89,48
15.9,37
15.91,44
15.92,42
15.93,47
15.94,40
15.95,32
15.96,42
15.97,40
15.98,38
15.99,41
16,28
16.01,46
16.02,50
16.03,45
16.04,39
16.05,50
16.06,32
16.07,43
16.08,44
16.09,51
16.1,33
16.11,38
16.12,40
16.13,48
16.14,47
16.15,53
16.16,51
16.17,40
16.18,44
16.19,45
16.2,33
16.21,41
16.22,37
16.23,53
16.24,53
16.25,54
16.26,64
16.27,41
16.28,43
16.29,33
16.3,41
16.31,48
16.32,51
16.33,44
16.34,41
16.35,32
16.36,52
16.37,46
16.38,54
16.39,40
16.4,46
16.41,42
16.42,47
16.43,47
16.44,37
16.45,41
16.46,32
16.47,49
16.48,46
16.49,51
16.5,49
16.51,42
16.52,44
16.53,45
16.54,43
16.55,57
16.56,42
16.57,59
16.58,43
16.59,37
16.6,42
16.61,45
16.62,52
16.63,43
16.64,40
16.65,41
16.66,49
16.67,53
16.68,41
16.69,47
16.7,31
16.71,48
16.72,44
16.73,46
16.74,46
16.75,40
16.76,49
16.77,53
16.78,43
16.79,37
16.8,39
16.81,32
16.82,50
16.83,48
16.84,50
16.85,53
16.86,45
16.87,53
16.88,54
16.89,43
16.9,34
16.91,49
16.92,42
16.93,51
16.94,51
16.95,38
16.96,42
16.97,41
16.98,45
16.99,45
17,45
17.01,36
17.02,59
17.03,43
17.04,38
17.05,47
17.06,53
17.07,36
17.08,42
17.09,34
17.1,40
17.11,52
17.12,47
17.13,47
17.14,38
17.15,49
17.16,43
17.17,50
17.18,39
17.19,37
17.2,62
17.21,29
17.22,38
17.23,57
17.24,42
17.25,54
17.26,45
17.27,49
17.28,41
17.29,40
17.3,52
17.31,49
17.32,47
17.33,55
17.34,45
17.35,34
17.36,41
17.37,41
17.38,27
17.39,39
17.4,54
17.41,42
17.42,49
17.43,48
17.44,45
17.45,52
17.46,55
17.47,40
17.48,54
17.49,41
17.5,32
17.51,52
17.52,41
17.53,54
17.54,48
17.55,61
17.56,46
17.57,53
17.58,37
17.59,50
17.6,45
17.61,43
17.62,58
17.63,48
17.64,43
17.65,65
17.66,44
17.67,56
17.68,51
17.69,42
17.7,59
17.71,44
17.72,54
17.73,59
17.74,39
17.75,49
17.76,46
17.77,54
17.78,50
17.79,47
17.8,53
17.81,45
17.82,54
17.83,57
17.84,41
17.85,42
17.86,44
17.87,59
17.88,43
17.89,57
17.9,45
17.91,48
17.92,54
17.93,59
17.94,42
17.95,45
17.96,43
17.97,56
17.98,39
17.99,49
18,36
18.01,57
18.02,60
18.03,51
18.04,41
18.05,47
18.06,53
18.07,45
18.08,41
18.09,41
18.1,55
18.11,53
18.12,49
18.13,43
18.14,48
18.15,38
18.16,50
18.17,52
18.18,35
18.19,48
18.2,43
18.21,52
18.22,47
18.23,51
18.24,40
18.25,52
18.26,41
18.27,44
18.28,40
18.29,43
18.3,47
18.31,45
18.32,48
18.33,38
18.34,36
18.35,50
18.36,53
18.37,49
18.38,40
18.39,61
18.4,49
18.41,56
18.42,53
18.43,46
18.44,47
18.45,36
18.46,31
18.47,43
18.48,38
18.49,48
18.5,53
18.51,49
18.52,43
18.53,57
18.54,38
18.55,38
18.56,51
18.57,46
18.58,40
18.59,49
18.6,47
18.61,59
18.62,43
18.63,49
18.64,43
18.65,46
18.66,53
18.67,45
18.68,47
18.69,40
18.7,51
18.71,56
18.72,54
18.73,49
18.74,51
18.75,44
18.76,44
18.77,40
18.78,49
18.79,43
18.8,43
18.81,43
18.82,61
18.83,47
18.84,39
18.85,48
18.86,41
18.87,53
18.88,36
18.89,44
18.9,52
18.91,59
18.92,39
18.93,39
18.94,41
18.95,44
18.96,46
18.97,58
18.98,46
18.99,44
19,55
19.01,50
19.02,46
19.03,51
19.04,52
19.05,49
19.06,52
19.07,42
19.08,46
19.09,50
19.1,47
19.11,43
19.12,43
19.13,54
19.14,46
19.15,47
19.16,35
19.17,38
19.18,48
19.19,55
19.2,51
19.21,40
19.22,37
19.23,56
19.24,45
19.25,51
19.26,41
19.27,47
19.28,62
19.29,64
19.3,37
19.31,33
19.32,54
19.33,40
19.34,44
19.35,46
19.36,42
19.37,47
19.38,40
19.39,45
19.4,53
19.41,39
19.42,40
19.43,50
19.44,41
19.45,40
19.46,37
19.47,62
19.48,52
19.49,48
19.5,47
19.51,40
19.52,38
19.53,48
19.54,43
19.55,42
19.56,57
19.57,45
19.58,46
19.59,46
19.6,53
19.61,43
19.62,50
19.63,53
19.64,55
19.65,55
19.66,35
19.67,55
19.68,51
19.69,44
19.7,48
19.71,51
19.72,43
19.73,39
19.74,46
19.75,48
19.76,45
19.77,47
19.78,49
19.79,48
19.8,45
19.81,33
19.82,45
19.83,53
19.84,64
19.85,51
19.86,35
19.87,57
19.88,60
19.89,41
19.9,42
19.91,51
19.92,43
19.93,42
19.94,52
19.95,54
19.96,43
19.97,40
19.98,53
19.99,44
20,41
20.01,39
20.02,51
20.03,35
20.04,40
20.05,50
20.06,36
20.07,53
20.08,62
20.09,41
20.1,46
20.11,46
20.12,37
20.13,49
20.14,42
20.15,50
20.16,44
20.17,40
20.18,40
20.19,44
20.2,55
20.21,44
20.22,47
20.23,52
20.24,46
20.25,34
20.26,48
20.27,50
20.28,53
20.29,50
20.3,41
20.31,56
20.32,48
20.33,47
20.34,47
20.35,45
20.36,49
20.37,52
20.38,54
20.39,47
20.4,40
20.41,50
20.42,44
20.43,63
20.44,53
20.45,37
20.46,49
20.47,43
20.48,33
20.49,42
20.5,38
20.51,49
20.52,53
20.53,45
20.54,53
20.55,42
20.56,47
20.57,39
20.58,44
20.59,37
20.6,43
20.61,45
20.62,37
20.63,51
20.64,43
20.65,54
20.66,43
20.67,55
20.68,43
20.69,50
20.7,56
20.71,45
20.72,45
20.73,45
20.74,55
20.75,42
20.76,45
20.77,41
20.78,49
20.79,49
20.8,46
20.81,47
20.82,38
20.83,48
20.84,42
20.85,45
20.86,48
20.87,50
20.88,48
20.89,56
20.9,36
20.91,41
20.92,44
20.93,46
20.94,47
20.95,45
20.96,47
20.97,47
20.98,49
20.99,51
21,56
21.01,53
21.02,44
21.03,46
21.04,30
21.05,42
21.06,61
21.07,53
21.08,45
21.09,39
21.1,43
21.11,43
21.12,38
21.13,50
21.14,39
21.15,47
21.16,44
21.17,51
21.18,36
21.19,45
21.2,53
21.21,54
21.22,45
21.23,44
21.24,47
21.25,52
21.26,39
21.27,43
21.28,46
21.29,53
21.3,58
21.31,44
21.32,40
21.33,47
21.34,50
21.35,52
21.36,43
21.37,50
21.38,47
21.39,33
21.4,55
21.41,38
21.42,51
21.43,43
21.44,35
21.45,50
21.46,43
21.47,52
21.48,52
21.49,38
21.5,61
21.51,54
21.52,39
21.53,35
21.54,46
21.55,45
21.56,45
21.57,47
21.58,49
21.59,47
21.6,40
21.61,48
21.62,49
21.63,49
21.64,53
21.65,53
21.66,49
21.67,64
21.68,46
21.69,48
21.7,57
21.71,44
21.72,55
21.73,50
21.74,49
21.75,58
21.76,55
21.77,62
21.78,47
21.79,42
21.8,40
21.81,40
21.82,48
21.83,53
21.84,57
21.85,52
21.86,40
21.87,54
21.88,63
21.89,45
21.9,44
21.91,51
21.92,40
21.93,52
21.94,50
21.95,49
21.96,52
21.97,47
21.98,50
21.99,44
22,56
22.01,42
22.02,43
22.03,49
22.04,46
22.05,41
22.06,60
22.07,46
22.08,36
22.09,48
22.1,41
22.11,45
22.12,46
22.13,54
22.14,43
22.15,58
22.16,45
22.17,49
22.18,38
22.19,47
22.2,53
22.21,53
22.22,49
22.23,49
22.24,49
22.25,40
22.26,53
22.27,46
22.28,44
22.29,53
22.3,50
22.31,50
22.32,51
22.33,59
22.34,47
22.35,43
22.36,58
22.37,75
22.38,51
22.39,48
22.4,47
22.41,50
22.42,50
22.43,42
22.44,50
22.45,65
22.46,43
22.47,53
22.48,60
22.49,46
22.5,48
22.51,44
22.52,58
22.53,53
22.54,49
22.55,38
22.56,61
22.57,44
22.58,43
22.59,55
22.6,37
22.61,49
22.62,44
22.63,44
22.64,48
22.65,43
22.66,50
22.67,58
22.68,58
22.69,50
22.7,64
22.71,47
22.72,37
22.73,50
22.74,46
22.75,51
22.76,48
22.77,32
22.78,41
22.79,49
22.8,49
22.81,56
22.82,56
22.83,56
22.84,39
22.85,33
22.86,48
22.87,54
22.88,54
22.89,44
22.9,36
22.91,43
22.92,54
22.93,44
22.94,37
22.95,49
22.96,47
22.97,38
22.98,57
22.99,39
23,39
23.01,37
23.02,56
23.03,46
23.04,54
23.05,42
23.06,35
23.07,47
23.08,56
23.09,59
23.1,55
23.11,48
23.12,65
23.13,53
23.14,51
23.15,42
23.16,53
23.17,50
23.18,44
23.19,47
23.2,47
23.21,42
23.22,55
23.23,54
23.24,48
23.25,38
23.26,51
23.27,43
23.28,37
23.29,57
23.3,52
23.31,53
23.32,47
23.33,44
23.34,51
23.35,54
23.36,47
23.37,57
23.38,41
23.39,40
23.4,38
23.41,62
23.42,51
23.43,50
23.44,48
23.45,52
23.46,53
23.47,46
23.48,41
23.49,62
23.5,50
23.51,40
23.52,59
23.53,56
23.54,54
23.55,51
23.56,49
23.57,52
23.58,58
23.59,52
23.6,52
23.61,53
23.62,38
23.63,46
23.64,58
23.65,43
23.66,58
23.67,46
23.68,51
23.69,67
23.7,47
23.71,58
23.72,53
23.73,45
23.74,62
23.75,35
23.76,51
23.77,59
23.78,57
23.79,60
23.8,41
23.81,48
23.82,56
23.83,48
23.84,66
23.85,40
23.86,51
23.87,41
23.88,38
23.89,43
23.9,53
23.91,54
23.92,64
23.93,48
23.94,54
23.95,52
23.96,47
23.97,51
23.98,40
23.99,49
24,45
24.01,54
24.02,43
24.03,55
24.04,52
24.05,48
24.06,43
24.07,55
24.08,56
24.09,66
24.1,60
24.11,60
24.12,57
24.13,68
24.14,43
24.15,51
24.16,43
24.17,55
24.18,55
24.19,58
24.2,46
24.21,60
24.22,35
24.23,48
24.24,55
24.25,55
24.26,53
24.27,59
24.28,61
24.29,58
24.3,54
24.31,50
24.32,59
24.33,51
24.34,57
24.35,49
24.36,61
24.37,48
24.38,44
24.39,52
24.4,48
24.41,39
24.42,50
24.43,43
24.44,56
24.45,52
24.46,49
24.47,59
24.48,48
24.49,60
24.5,48
24.51,49
24.52,51
24.53,59
24.54,48
24.55,62
24.56,53
24.57,52
24.58,47
24.59,49
24.6,58
24.61,49
24.62,54
24.63,60
24.64,47
24.65,66
24.66,54
24.67,48
24.68,61
24.69,55
24.7,41
24.71,60
24.72,58
24.73,49
24.74,42
24.75,46
24.76,61
24.77,55
24.78,57
24.79,54
24.8,46
24.81,63
24.82,52
24.83,45
24.84,62
24.85,54
24.86,54
24.87,62
24.88,53
24.89,49
24.9,48
24.91,57
24.92,65
24.93,49
24.94,51
24.95,48
24.96,56
24.97,47
24.98,62
24.99,52
25,50
25.01,42
25.02,58
25.03,52
25.04,50
25.05,43
25.06,69
25.07,51
25.08,54
25.09,47
25.1,57
25.11,43
25.12,55
25.13,48
25.14,44
25.15,73
25.16,55
25.17,46
25.18,52
25.19,63
25.2,45
25.21,60
25.22,46
25.23,41
25.24,50
25.25,69
25.26,59
25.27,46
25.28,56
25.29,54
25.3,43
25.31,58
25.32,59
25.33,54
25.34,56
25.35,61
25.36,40
25.37,69
25.38,48
25.39,54
25.4,57
25.41,55
25.42,53
25.43,35
25.44,36
25.45,57
25.46,57
25.47,62
25.48,42
25.49,69
25.5,55
25.51,67
25.52,53
25.53,54
25.54,48
25.55,51
25.56,55
25.57,54
25.58,45
25.59,46
25.6,52
25.61,51
25.62,63
25.63,64
25.64,51
25.65,42
25.66,62
25.67,47
25.68,44
25.69,59
25.7,42
25.71,57
25.72,54
25.73,54
25.74,52
25.75,59
25.76,52
25.77,56
25.78,61
25.79,46
25.8,35
25.81,54
25.82,53
25.83,60
25.84,56
25.85,39
25.86,53
25.87,60
25.88,47
25.89,58
25.9,68
25.91,59
25.92,62
25.93,42
25.94,46
25.95,57
25.96,65
25.97,60
25.98,65
25.99,42
26,72
26.01,41
26.02,68
26.03,59
26.04,65
26.05,63
26.06,56
26.07,49
26.08,51
26.09,61
26.1,63
26.11,57
26.12,32
26.13,49
26.14,44
26.15,44
26.16,55
26.17,55
26.18,60
26.19,67
26.2,58
26.21,49
26.22,38
26.23,62
26.24,58
26.25,55
26.26,41
26.27,61
26.28,55
26.29,57
26.3,63
26.31,47
26.32,61
26.33,54
26.34,54
26.35,58
26.36,38
26.37,63
26.38,58
26.39,62
26.4,58
26.41,59
26.42,54
26.43,51
26.44,51
26.45,62
26.46,56
26.47,53
26.48,52
26.49,43
26.5,58
26.51,60
26.52,47
26.53,55
26.54,50
26.55,48
26.56,65
26.57,63
26.58,46
26.59,66
26.6,55
26.61,44
26.62,73
26.63,77
26.64,61
26.65,70
26.66,67
26.67,55
26.68,65
26.69,61
26.7,50
26.71,60
26.72,74
26.73,55
26.74,58
26.75,56
26.76,76
26.77,56
26.78,60
26.79,59
26.8,56
26.81,72
26.82,72
26.83,57
26.84,56
26.85,59
26.86,83
26.87,66
26.88,82
26.89,76
26.9,85
26.91,93
26.92,99
26.93,108
26.94,139
26.95,147
26.96,154
26.97,169
26.98,170
26.99,203
27,235
27.01,245
27.02,243
27.03,274
27.04,270
27.05,278
27.06,290
27.07,283
27.08,238
27.09,252
27.1,226
27.11,235
27.12,202
27.13,157
27.14,174
27.15,163
27.16,145
27.17,110
27.18,128
27.19,107
27.2,105
27.21,91
27.22,92
27.23,81
27.24,107
27.25,84
27.26,81
27.27,85
27.28,77
27.29,81
27.3,71
27.31,73
27.32,81
27.33,72
27.34,81
27.35,75
27.36,74
27.37,75
27.38,57
27.39,80
27.4,80
27.41,76
27.42,64
27.43,76
27.44,77
27.45,78
27.46,79
27.47,65
27.48,71
27.49,68
27.5,89
27.51,72
27.52,69
27.53,89
27.54,64
27.55,84
27.56,91
27.57,95
27.58,70
27.59,94
27.6,80
27.61,85
27.62,79
27.63,80
27.64,94
27.65,68
27.66,71
27.67,83
27.68,76
27.69,86
27.7,85
27.71,76
27.72,79
27.73,77
27.74,85
27.75,87
27.76,67
27.77,85
27.78,86
27.79,90
27.8,82
27.81,77
27.82,65
27.83,74
27.84,84
27.85,76
27.86,63
27.87,85
27.88,84
27.89,99
27.9,87
27.91,80
27.92,101
27.93,75
27.94,72
27.95,92
27.96,75
27.97,97
27.98,101
27.99,95
28,96
28.01,87
28.02,104
28.03,91
28.04,74
28.05,101
28.06,95
28.07,102
28.08,101
28.09,108
28.1,114
28.11,90
28.12,117
28.13,115
28.14,93
28.15,101
28.16,87
28.17,116
28.18,117
28.19,99
28.2,114
28.21,121
28.22,118
28.23,96
28.24,108
28.25,105
28.26,118
28.27,95
28.28,104
28.29,124
28.3,144
28.31,113
28.32,112
28.33,120
28.34,129
28.35,124
28.36,140
28.37,127
28.38,140
28.39,146
28.4,135
28.41,142
28.42,138
28.43,142
28.44,127
28.45,156
28.46,136
28.47,152
28.48,155
28.49,155
28.5,147
28.51,153
28.52,159
28.53,145
28.54,196
28.55,145
28.56,153
28.57,143
28.58,204
28.59,205
28.6,206
28.61,207
28.62,213
28.63,213
28.64,244
28.65,224
28.66,250
28.67,271
28.68,271
28.69,290
28.7,271
28.71,314
28.72,337
28.73,312
28.74,319
28.75,301
28.76,347
28.77,327
28.78,324
28.79,314
28.8,264
28.81,283
28.82,285
28.83,304
28.84,309
28.85,297
28.86,294
28.87,302
28.88,308
28.89,323
28.9,347
28.91,289
28.92,328
28.93,312
28.94,308
28.95,340
28.96,352
28.97,323
28.98,370
28.99,362
29,385
29.01,341
29.02,363
29.03,373
29.04,364
29.05,381
29.06,400
29.07,390
29.08,370
29.09,403
29.1,473
29.11,426
29.12,433
29.13,479
29.14,467
29.15,475
29.16,465
29.17,480
29.18,489
29.19,516
29.2,477
29.21,511
29.22,523
29.23,566
29.24,587
29.25,583
29.26,605
29.27,618
29.28,645
29.29,633
29.3,678
29.31,647
29.32,639
29.33,672
29.34,688
29.35,721
29.36,759
29.37,781
29.38,818
29.39,835
29.4,879
29.41,873
29.42,873
29.43,898
29.44,970
29.45,929
29.46,984
29.47,978
29.48,1087
29.49,980
29.5,1109
29.51,1136
29.52,1202
29.53,1247
29.54,1290
29.55,1331
29.56,1420
29.57,1463
29.58,1538
29.59,1569
29.6,1654
29.61,1599
29.62,1825
29.63,1863
29.64,2003
29.65,2093
29.66,2220
29.67,2330
29.68,2489
29.69,2582
29.7,2797
29.71,2941
29.72,3209
29.73,3576
29.74,3795
29.75,4263
29.76,4608
29.77,5282
29.78,5857
29.79,6433
29.8,7501
29.81,8421
29.82,9755
29.83,11463
29.84,13565
29.85,16001
29.86,19440
29.87,23702
29.88,29119
29.89,35745
29.9,43273
29.91,51635
29.92,61085
29.93,70721
29.94,80013
29.95,90247
29.96,99467
29.97,113679
29.98,122740
29.99,130951
30,136527
30.01,141041
30.02,139919
30.03,142018
30.04,138916
30.05,136578
30.06,128954
30.07,119859
30.08,113186
30.09,103743
30.1,94460.5
30.11,85306
30.12,74358
30.13,65756
30.14,58185
30.15,50294
30.16,43276
30.17,37437
30.18,31762
30.19,26801
30.2,22519
30.21,19446
30.22,16290
30.23,14069
30.24,12131
30.25,10630
30.26,9519
30.27,8360
30.28,7528
30.29,6543
30.3,5864
30.31,5208
30.32,4739
30.33,4313
30.34,3956
30.35,3563
30.36,3371
30.37,3045
30.38,2863
30.39,2755
30.4,2472
30.41,2308
30.42,2156
30.43,2044
30.44,1886
30.45,1785
30.46,1665
30.47,1563
30.48,1572
30.49,1462
30.5,1388
30.51,1206
30.52,1151
30.53,1102
30.54,1050
30.55,994
30.56,1004
30.57,943
30.58,823
30.59,858
30.6,762
30.61,793
30.62,704
30.63,710
30.64,705
30.65,671
30.66,610
30.67,612
30.68,583
30.69,609
30.7,507
30.71,520
30.72,512
30.73,480
30.74,446
30.75,462
30.76,435
30.77,447
30.78,409
30.79,392
30.8,375
30.81,346
30.82,341
30.83,342
30.84,340
30.85,351
30.86,324
30.87,335
30.88,287
30.89,291
30.9,285
30.91,227
30.92,271
30.93,262
30.94,251
30.95,265
30.96,221
30.97,272
30.98,259
30.99,218
31,210
31.01,229
31.02,206
31.03,204
31.04,181
31.05,208
31.06,191
31.07,184
31.08,175
31.09,192
31.1,183
31.11,177
31.12,172
31.13,179
31.14,160
31.15,151
31.16,146
31.17,157
31.18,158
31.19,151
31.2,151
31.21,148
31.22,160
31.23,133
31.24,121
31.25,136
31.26,127
31.27,145
31.28,153
31.29,132
31.3,135
31.31,138
31.32,137
31.33,128
31.34,134
31.35,143
31.36,105
31.37,102
31.38,117
31.39,123
31.4,123
31.41,100
31.42,126
31.43,100
31.44,95
31.45,120
31.46,122
31.47,119
31.48,114
31.49,112
31.5,100
31.51,99
31.52,109
31.53,96
31.54,94
31.55,88
31.56,97
31.57,110
31.58,115
31.59,87
31.6,70
31.61,90
31.62,82
31.63,94
31.64,107
31.65,108
31.66,89
31.67,97
31.68,92
31.69,76
31.7,89
31.71,95
31.72,94
31.73,93
31.74,75
31.75,85
31.76,89
31.77,92
31.78,86
31.79,85
31.8,84
31.81,81
31.82,66
31.83,65
31.84,72
31.85,86
31.86,75
31.87,93
31.88,76
31.89,83
31.9,87
31.91,77
31.92,70
31.93,83
31.94,84
31.95,90
31.96,78
31.97,78
31.98,72
31.99,77
32,77
32.01,75
32.02,77
32.03,92
32.04,87
32.05,87
32.06,63
32.07,77
32.08,66
32.09,74
32.1,81
32.11,68
32.12,70
32.13,66
32.14,78
32.15,69
32.16,74
32.17,80
32.18,82
32.19,73
32.2,74
32.21,83
32.22,57
32.23,69
32.24,75
32.25,64
32.26,65
32.27,62
32.28,55
32.29,92
32.3,78
32.31,67
32.32,81
32.33,65
32.34,58
32.35,62
32.36,45
32.37,71
32.38,65
32.39,71
32.4,65
32.41,61
32.42,63
32.43,78
32.44,50
32.45,66
32.46,60
32.47,55
32.48,77
32.49,58
32.5,68
32.51,68
32.52,56
32.53,53
32.54,72
32.55,72
32.56,58
32.57,61
32.58,55
32.59,66
32.6,68
32.61,45
32.62,64
32.63,60
32.64,51
32.65,58
32.66,58
32.67,55
32.68,66
32.69,55
32.7,50
32.71,68
32.72,46
32.73,62
32.74,52
32.75,70
32.76,76
32.77,61
32.78,63
32.79,70
32.8,59
32.81,57
32.82,63
32.83,54
32.84,59
32.85,48
32.86,63
32.87,63
32.88,63
32.89,72
32.9,54
32.91,62
32.92,55
32.93,60
32.94,51
32.95,69
32.96,62
32.97,62
32.98,63
32.99,46
33,47
33.01,44
33.02,60
33.03,46
33.04,69
33.05,51
33.06,55
33.07,42
33.08,59
33.09,60
33.1,53
33.11,46
33.12,53
33.13,42
33.14,53
33.15,49
33.16,49
33.17,56
33.18,58
33.19,53
33.2,50
33.21,76
33.22,54
33.23,65
33.24,50
33.25,46
33.26,56
33.27,51
33.28,54
33.29,58
33.3,66
33.31,52
33.32,54
33.33,59
33.34,48
33.35,55
33.36,62
33.37,47
33.38,61
33.39,51
33.4,56
33.41,61
33.42,49
33.43,55
33.44,52
33.45,60
33.46,46
33.47,51
33.48,53
33.49,40
33.5,47
33.51,58
33.52,64
33.53,54
33.54,46
33.55,53
33.56,60
33.57,53
33.58,48
33.59,61
33.6,48
33.61,62
33.62,52
33.63,51
33.64,54
33.65,51
33.66,58
33.67,49
33.68,70
33.69,51
33.7,57
33.71,43
33.72,68
33.73,53
33.74,60
33.75,56
33.76,46
33.77,41
33.78,52
33.79,48
33.8,38
33.81,48
33.82,50
33.83,52
33.84,56
33.85,62
33.86,58
33.87,51
33.88,64
33.89,56
33.9,62
33.91,44
33.92,51
33.93,50
33.94,55
33.95,45
33.96,45
33.97,54
33.98,52
33.99,50
34,69
34.01,52
34.02,39
34.03,55
34.04,58
34.05,58
34.06,46
34.07,53
34.08,55
34.09,56
34.1,60
34.11,41
34.12,44
34.13,60
34.14,55
34.15,59
34.16,51
34.17,52
34.18,49
34.19,61
34.2,52
34.21,48
34.22,48
34.23,55
34.24,58
34.25,56
34.26,47
34.27,55
34.28,50
34.29,60
34.3,63
34.31,57
34.32,50
34.33,61
34.34,71
34.35,77
34.36,50
34.37,79
34.38,73
34.39,64
34.4,68
34.41,60
34.42,70
34.43,64
34.44,49
34.45,54
34.46,66
34.47,53
34.48,44
34.49,63
34.5,60
34.51,53
34.52,51
34.53,59
34.54,45
34.55,67
34.56,49
34.57,58
34.58,55
34.59,44
34.6,53
34.61,57
34.62,52
34.63,62
34.64,55
34.65,71
34.66,61
34.67,53
34.68,52
34.69,54
34.7,54
34.71,42
34.72,58
34.73,45
34.74,57
34.75,51
34.76,57
34.77,56
34.78,54
34.79,43
34.8,63
34.81,69
34.82,69
34.83,57
34.84,55
34.85,48
34.86,78
34.87,48
34.88,59
34.89,67
34.9,45
34.91,61
34.92,53
34.93,51
34.94,60
34.95,53
34.96,49
34.97,66
34.98,46
34.99,60
35,55
35.01,55
35.02,66
35.03,56
35.04,48
35.05,55
35.06,56
35.07,45
35.08,49
35.09,67
35.1,52
35.11,50
35.12,50
35.13,61
35.14,49
35.15,68
35.16,55
35.17,52
35.18,51
35.19,55
35.2,55
35.21,55
35.22,57
35.23,46
35.24,63
35.25,58
35.26,63
35.27,59
35.28,42
35.29,58
35.3,58
35.31,76
35.32,53
35.33,82
35.34,79
35.35,87
35.36,82
35.37,118
35.38,97
35.39,100
35.4,111
35.41,129
35.42,110
35.43,97
35.44,83
35.45,92
35.46,75
35.47,86
35.48,70
35.49,77
35.5,67
35.51,64
35.52,60
35.53,54
35.54,53
35.55,60
35.56,54
35.57,58
35.58,74
35.59,66
35.6,51
35.61,46
35.62,50
35.63,73
35.64,63
35.65,64
35.66,64
35.67,55
35.68,46
35.69,59
35.7,51
35.71,49
35.72,60
35.73,86
35.74,65
35.75,61
35.76,54
35.77,68
35.78,67
35.79,67
35.8,46
35.81,57
35.82,45
35.83,74
35.84,48
35.85,64
35.86,58
35.87,60
35.88,75
35.89,57
35.9,53
35.91,74
35.92,57
35.93,56
35.94,84
35.95,58
35.96,67
35.97,71
35.98,58
35.99,62
36,58
36.01,47
36.02,59
36.03,89
36.04,52
36.05,51
36.06,62
36.07,62
36.08,69
36.09,54
36.1,64
36.11,56
36.12,60
36.13,49
36.14,55
36.15,52
36.16,53
36.17,66
36.18,55
36.19,54
36.2,64
36.21,70
36.22,51
36.23,55
36.24,60
36.25,67
36.26,61
36.27,58
36.28,65
36.29,66
36.3,72
36.31,59
36.32,68
36.33,78
36.34,50
36.35,58
36.36,65
36.37,67
36.38,63
36.39,68
36.4,65
36.41,58
36.42,57
36.43,63
36.44,61
36.45,54
36.46,72
36.47,53
36.48,57
36.49,62
36.5,61
36.51,74
36.52,62
36.53,62
36.54,52
36.55,51
36.56,69
36.57,69
36.58,70
36.59,80
36.6,66
36.61,72
36.62,59
36.63,70
36.64,55
36.65,58
36.66,71
36.67,67
36.68,70
36.69,77
36.7,66
36.71,77
36.72,67
36.73,66
36.74,54
36.75,60
36.76,74
36.77,67
36.78,74
36.79,85
36.8,58
36.81,72
36.82,57
36.83,74
36.84,73
36.85,74
36.86,60
36.87,75
36.88,76
36.89,75
36.9,61
36.91,73
36.92,88
36.93,73
36.94,77
36.95,89
36.96,92
36.97,68
36.98,73
36.99,72
37,78
37.01,83
37.02,65
37.03,90
37.04,85
37.05,63
37.06,68
37.07,71
37.08,81
37.09,74
37.1,74
37.11,73
37.12,84
37.13,72
37.14,75
37.15,90
37.16,98
37.17,89
37.18,78
37.19,71
37.2,88
37.21,102
37.22,70
37.23,72
37.24,83
37.25,70
37.26,85
37.27,95
37.28,87
37.29,84
37.3,86
37.31,82
37.32,82
37.33,81
37.34,83
37.35,83
37.36,94
37.37,90
37.38,90
37.39,89
37.4,92
37.41,83
37.42,75
37.43,88
37.44,86
37.45,86
37.46,89
37.47,78
37.48,96
37.49,88
37.5,87
37.51,103
37.52,90
37.53,100
37.54,121
37.55,86
37.56,106
37.57,82
37.58,122
37.59,97
37.6,107
37.61,106
37.62,82
37.63,107
37.64,97
37.65,99
37.66,98
37.67,113
37.68,98
37.69,101
37.7,113
37.71,122
37.72,95
37.73,99
37.74,129
37.75,128
37.76,108
37.77,106
37.78,144
37.79,130
37.8,106
37.81,121
37.82,129
37.83,136
37.84,146
37.85,135
37.86,148
37.87,153
37.88,156
37.89,175
37.9,141
37.91,183
37.92,145
37.93,167
37.94,204
37.95,195
37.96,198
37.97,217
37.98,262
37.99,237
38,241
38.01,290
38.02,286
38.03,307
38.04,302
38.05,354
38.06,362
38.07,318
38.08,367
38.09,382
38.1,424
38.11,443
38.12,402
38.13,410
38.14,417
38.15,436
38.16,465
38.17,498
38.18,559
38.19,534
38.2,589
38.21,645
38.22,650
38.23,647
38.24,708
38.25,703
38.26,714
38.27,721
38.28,723
38.29,740
38.3,709
38.31,706
38.32,668
38.33,657
38.34,603
38.35,609
38.36,625
38.37,576
38.38,599
38.39,635
38.4,617
38.41,629
38.42,712
38.43,721
38.44,835
38.45,1045
38.46,1207
38.47,1549
38.48,2169
38.49,3382
38.5,5591
38.51,8695
38.52,12505
38.53,16123
38.54,17919
38.55,19631
38.56,20665
38.57,21877
38.58,22551
38.59,22385
38.6,20722
38.61,18551
38.62,16398
38.63,14236
38.64,11412
38.65,8771
38.66,6446
38.67,4791
38.68,3594
38.69,2709
38.7,2309
38.71,1873
38.72,1555
38.73,1429
38.74,1296
38.75,1197
38.76,1102
38.77,1046
38.78,1032
38.79,977
38.8,900
38.81,910
38.82,861
38.83,819
38.84,847
38.85,817
38.86,759
38.87,707
38.88,721
38.89,733
38.9,712
38.91,669
38.92,694
38.93,657
38.94,646
38.95,643
38.96,642
38.97,671
38.98,631
38.99,649
39,666
39.01,654
39.02,685
39.03,602
39.04,670
39.05,658
39.06,664
39.07,706
39.08,661
39.09,704
39.1,637
39.11,627
39.12,663
39.13,630
39.14,634
39.15,646
39.16,623
39.17,663
39.18,635
39.19,617
39.2,663
39.21,683
39.22,665
39.23,666
39.24,679
39.25,606
39.26,633
39.27,670
39.28,645
39.29,668
39.3,687
39.31,658
39.32,657
39.33,670
39.34,738
39.35,689
39.36,721
39.37,700
39.38,710
39.39,676
39.4,745
39.41,731
39.42,733
39.43,690
39.44,705
39.45,709
39.46,726
39.47,680
39.48,723
39.49,687
39.5,717
39.51,689
39.52,738
39.53,684
39.54,741
39.55,765
39.56,681
39.57,776
39.58,714
39.59,764
39.6,730
39.61,722
39.62,755
39.63,769
39.64,746
39.65,739
39.66,772
39.67,807
39.68,729
39.69,750
39.7,773
39.71,774
39.72,806
39.73,807
39.74,734
39.75,817
39.76,793
39.77,815
39.78,828
39.79,806
39.8,891
39.81,841
39.82,899
39.83,766
39.84,876
39.85,836
39.86,830
39.87,828
39.88,846
39.89,850
39.9,879
39.91,886
39.92,891
39.93,900
39.94,888
39.95,877
39.96,905
39.97,940
39.98,900
39.99,955
40,949
40.01,968
40.02,920
40.03,879
40.04,974
40.05,979
40.06,987
40.07,1052
40.08,965
40.09,1011
40.1,1007
40.11,1034
40.12,1054
40.13,1082
40.14,1031
40.15,1105
40.16,1029
40.17,1097
40.18,1012
40.19,1101
40.2,1099
40.21,1162
40.22,1150
40.23,1110
40.24,1143
40.25,1163
40.26,1185
40.27,1138
40.28,1159
40.29,1227
40.3,1240
40.31,1178
40.32,1266
40.33,1317
40.34,1211
40.35,1324
40.36,1266
40.37,1303
40.38,1329
40.39,1294
40.4,1388
40.41,1397
40.42,1346
40.43,1359
40.44,1492
40.45,1494
40.46,1384
40.47,1470
40.48,1400
40.49,1535
40.5,1545
40.51,1489
40.52,1612
40.53,1610
40.54,1567
40.55,1546
40.56,1677
40.57,1637
40.58,1700
40.59,1756
40.6,1714
40.61,1720
40.62,1756
40.63,1761
40.64,1725
40.65,1867
40.66,1984
40.67,1948
40.68,1877
40.69,1967
40.7,1883
40.71,2061
40.72,2023
40.73,2018
40.74,2054
40.75,2103
40.76,2154
40.77,2177
40.78,2226
40.79,2275
40.8,2305
40.81,2300
40.82,2376
40.83,2527
40.84,2530
40.85,2550
40.86,2725
40.87,2865
40.88,2960
40.89,2955
40.9,3229
40.91,3551
40.92,3989
40.93,4481
40.94,5347
40.95,6736
40.96,7940
40.97,8952
40.98,10301
40.99,10987
41,11730
41.01,12228
41.02,12191
41.03,12005
41.04,11619
41.05,10662
41.06,9643
41.07,8762
41.08,7617
41.09,6646
41.1,5805
41.11,5399
41.12,4860
41.13,4608
41.14,4501
41.15,4288
41.16,4231
41.17,4216
41.18,4172
41.19,4179
41.2,4188
41.21,4313
41.22,4398
41.23,4559
41.24,4684
41.25,4952
41.26,5067
41.27,5469
41.28,5737
41.29,6068
41.3,6403
41.31,6667
41.32,6900
41.33,7101
41.34,7223
41.35,7078
41.36,7149
41.37,7161
41.38,7003
41.39,6737
41.4,6984
41.41,6642
41.42,6668
41.43,6550
41.44,6705
41.45,6621
41.46,6585
41.47,6967
41.48,6889
41.49,7000
41.5,7001
41.51,7285
41.52,7378
41.53,7496
41.54,7666
41.55,7810
41.56,7958
41.57,7942
41.58,8276
41.59,8435
41.6,8519
41.61,8649
41.62,8992
41.63,9007
41.64,9337
41.65,9399
41.66,9636
41.67,9700
41.68,10016
41.69,10235
41.7,10427
41.71,10533
41.72,10540
41.73,10843
41.74,11025
41.75,11102
41.76,11417
41.77,11579
41.78,11851
41.79,11789
41.8,12064
41.81,12422
41.82,12554
41.83,12745
41.84,12936
41.85,13194
41.86,13263
41.87,13661
41.88,13590
41.89,13952
41.9,14128
41.91,14752
41.92,14788
41.93,14856
41.94,14986
41.95,15194
41.96,15319
41.97,15816
41.98,15944
41.99,16271
42,16427
42.01,16641
42.02,17080
42.03,17109
42.04,17031
42.05,17812
42.06,17626
42.07,18128
42.08,18343
42.09,18624
42.1,19088
42.11,19235
42.12,19428
42.13,19671
42.14,19913
42.15,19989
42.16,20365
42.17,20789
42.18,20984
42.19,21285
42.2,21399
42.21,21701
42.22,21891
42.23,22520
42.24,22784
42.25,23120
42.26,23280
42.27,23815
42.28,23935
42.29,24402
42.3,24835
42.31,25073
42.32,25325
42.33,25869
42.34,26261
42.35,26831
42.36,27519
42.37,27706
42.38,28167
42.39,28605
42.4,29376
42.41,30002
42.42,30677
42.43,31780
42.44,32364
42.45,33610
42.46,34152
42.47,35153
42.48,35923
42.49,37574
42.5,38435
42.51,39543
42.52,40938
42.53,42750
42.54,44375
42.55,46351
42.56,48644
42.57,52254
42.58,55706
42.59,60561
42.6,66920
42.61,75290
42.62,83802
42.63,94775
42.64,113985
42.65,129532
42.66,142316
42.67,155185
42.68,168020
42.69,181407
42.7,189669
42.71,199291
42.72,211217
42.73,222046
42.74,237456
42.75,259998
42.76,296837
42.77,350557
42.78,443743
42.79,619803
42.8,1198030
42.81,2260780
42.82,3835190
42.83,5282420
42.84,6189310
42.85,6724820
42.86,7121530
42.87,8422080
42.88,9075050
42.89,9582910
42.9,9540590
42.91,9534540
42.92,8186280
42.93,7321710
42.94,6384580
42.95,5541980
42.96,4831470
42.97,4410250
42.98,4377620
42.99,4655360
43,4875350
43.01,4746170
43.02,4367940
43.03,3864910
43.04,3184650
43.05,2452840
43.06,1614490
43.07,1027950
43.08,573232
43.09,402025
43.1,296752
43.11,239530
43.12,192874
43.13,168105
43.14,148045
43.15,130858
43.16,117130
43.17,105417
43.18,95565.5
43.19,88578.5
43.2,81277
43.21,75590.5
43.22,71225
43.23,66975
43.24,62861
43.25,59395
43.26,55967
43.27,52960
43.28,50373
43.29,48056
43.3,45705
43.31,44315
43.32,42025
43.33,40754
43.34,39120
43.35,37755
43.36,36377
43.37,35011
43.38,33931
43.39,32782
43.4,31479
43.41,30346
43.42,29606
43.43,28705
43.44,27703
43.45,27099
43.46,25923
43.47,25281
43.48,24420
43.49,23902
43.5,22992
43.51,22319
43.52,21355
43.53,20348
43.54,20158
43.55,19551
43.56,18734
43.57,18342
43.58,17545
43.59,17043
43.6,16491
43.61,15788
43.62,15330
43.63,14844
43.64,14292
43.65,13997
43.66,13424
43.67,12991
43.68,12500
43.69,12201
43.7,11658
43.71,11417
43.72,10979
43.73,10704
43.74,10189
43.75,9900
43.76,9703
43.77,9445
43.78,9098
43.79,8736
43.8,8619
43.81,8293
43.82,8039
43.83,7881
43.84,7820
43.85,7489
43.86,7183
43.87,6820
43.88,6701
43.89,6753
43.9,6340
43.91,6246
43.92,6023
43.93,5896
43.94,5678
43.95,5452
43.96,5372
43.97,5266
43.98,5059
43.99,5067
44,4857
44.01,4816
44.02,4686
44.03,4544
44.04,4374
44.05,4423
44.06,4238
44.07,4135
44.08,3975
44.09,3942
44.1,3774
44.11,3778
44.12,3680
44.13,3584
44.14,3598
44.15,3517
44.16,3456
44.17,3270
44.18,3253
44.19,3198
44.2,3159
44.21,3058
44.22,3026
44.23,3009
44.24,2919
44.25,2986
44.26,2731
44.27,2748
44.28,2712
44.29,2600
44.3,2561
44.31,2576
44.32,2489
44.33,2485
44.34,2457
44.35,2391
44.36,2380
44.37,2378
44.38,2331
44.39,2308
44.4,2208
44.41,2054
44.42,2158
44.43,2108
44.44,2103
44.45,2069
44.46,2036
44.47,1932
44.48,1827
44.49,1948
44.5,1798
44.51,1897
44.52,1769
44.53,1836
44.54,1875
44.55,1802
44.56,1774
44.57,1753
44.58,1601
44.59,1629
44.6,1653
44.61,1650
44.62,1581
44.63,1536
44.64,1563
44.65,1517
44.66,1528
44.67,1430
44.68,1502
44.69,1439
44.7,1440
44.71,1332
44.72,1333
44.73,1324
44.74,1304
44.75,1338
44.76,1254
44.77,1328
44.78,1326
44.79,1362
44.8,1249
44.81,1207
44.82,1146
44.83,1162
44.84,1235
44.85,1180
44.86,1155
44.87,1155
44.88,1176
44.89,1159
44.9,1182
44.91,1199
44.92,1097
44.93,1108
44.94,1115
44.95,1043
44.96,1052
44.97,1056
44.98,1084
44.99,1025
45,1058
45.01,1047
45.02,1029
45.03,1009
45.04,1038
45.05,982
45.06,963
45.07,915
45.08,942
45.09,1005
45.1,983
45.11,993
45.12,951
45.13,965
45.14,961
45.15,918
45.16,930
45.17,926
45.18,876
45.19,880
45.2,811
45.21,917
45.22,848
45.23,884
45.24,839
45.25,786
45.26,829
45.27,888
45.28,822
45.29,859
45.3,849
45.31,815
45.32,798
45.33,829
45.34,825
45.35,801
45.36,763
45.37,785
45.38,736
45.39,770
45.4,758
45.41,727
45.42,712
45.43,718
45.44,790
45.45,750
45.46,690
45.47,700
45.48,670
45.49,744
45.5,722
45.51,768
45.52,711
45.53,706
45.54,704
45.55,687
45.56,676
45.57,693
45.58,701
45.59,629
45.6,666
45.61,628
45.62,660
45.63,683
45.64,632
45.65,661
45.66,600
45.67,662
45.68,587
45.69,594
45.7,597
45.71,621
45.72,568
45.73,637
45.74,581
45.75,570
45.76,576
45.77,558
45.78,609
45.79,600
45.8,513
45.81,499
45.82,544
45.83,597
45.84,535
45.85,533
45.86,532
45.87,548
45.88,512
45.89,532
45.9,553
45.91,493
45.92,510
45.93,527
45.94,501
45.95,544
45.96,498
45.97,529
45.98,503
45.99,529
46,490
46.01,501
46.02,455
46.03,485
46.04,484
46.05,464
46.06,462
46.07,470
46.08,466
46.09,495
46.1,488
46.11,459
46.12,496
46.13,443
46.14,462
46.15,428
46.16,438
46.17,437
46.18,419
46.19,433
46.2,436
46.21,429
46.22,432
46.23,425
46.24,399
46.25,410
46.26,436
46.27,464
46.28,475
46.29,478
46.3,471
46.31,460
46.32,439
46.33,431
46.34,457
46.35,460
46.36,436
46.37,443
46.38,399
46.39,392
46.4,417
46.41,428
46.42,382
46.43,388
46.44,411
46.45,383
46.46,422
46.47,375
46.48,379
46.49,398
46.5,383
46.51,390
46.52,364
46.53,377
46.54,348
46.55,343
46.56,395
46.57,335
46.58,350
46.59,344
46.6,372
46.61,376
46.62,347
46.63,350
46.64,338
46.65,323
46.66,338
46.67,349
46.68,325
46.69,317
46.7,344
46.71,349
46.72,321
46.73,321
46.74,342
46.75,337
46.76,289
46.77,318
46.78,337
46.79,302
46.8,290
46.81,294
46.82,338
46.83,339
46.84,343
46.85,326
46.86,262
46.87,303
46.88,304
46.89,316
46.9,334
46.91,307
46.92,298
46.93,331
46.94,320
46.95,327
46.96,291
46.97,293
46.98,287
46.99,336
47,300
47.01,297
47.02,291
47.03,293
47.04,297
47.05,291
47.06,270
47.07,283
47.08,318
47.09,255
47.1,291
47.11,255
47.12,273
47.13,258
47.14,245
47.15,253
47.16,261
47.17,248
47.18,256
47.19,270
47.2,225
47.21,280
47.22,294
47.23,262
47.24,252
47.25,243
47.26,226
47.27,242
47.28,246
47.29,239
47.3,236
47.31,233
47.32,253
47.33,230
47.34,252
47.35,241
47.36,267
47.37,219
47.38,260
47.39,264
47.4,241
47.41,215
47.42,214
47.43,234
47.44,232
47.45,229
47.46,228
47.47,218
47.48,203
47.49,207
47.5,200
47.51,220
47.52,223
47.53,206
47.54,232
47.55,242
47.56,217
47.57,252
47.58,200
47.59,187
47.6,221
47.61,208
47.62,231
47.63,219
47.64,224
47.65,211
47.66,208
47.67,219
47.68,191
47.69,208
47.7,214
47.71,203
47.72,231
47.73,203
47.74,213
47.75,200
47.76,214
47.77,199
47.78,210
47.79,220
47.8,208
47.81,201
47.82,184
47.83,205
47.84,174
47.85,174
47.86,192
47.87,204
47.88,218
47.89,212
47.9,203
47.91,203
47.92,198
47.93,187
47.94,186
47.95,199
47.96,239
47.97,184
47.98,179
47.99,202
48,188
48.01,177
48.02,189
48.03,197
48.04,181
48.05,176
48.06,197
48.07,196
48.08,178
48.09,165
48.1,192
48.11,188
48.12,161
48.13,202
48.14,215
48.15,170
48.16,185
48.17,180
48.18,163
48.19,179
48.2,204
48.21,190
48.22,180
48.23,177
48.24,203
48.25,165
48.26,169
48.27,168
48.28,195
48.29,171
48.3,179
48.31,181
48.32,173
48.33,147
48.34,184
48.35,162
48.36,168
48.37,165
48.38,205
48.39,179
48.4,184
48.41,166
48.42,176
48.43,162
48.44,195
48.45,165
48.46,169
48.47,158
48.48,160
48.49,146
48.5,164
48.51,172
48.52,154
48.53,169
48.54,146
48.55,170
48.56,153
48.57,175
48.58,153
48.59,166
48.6,203
48.61,142
48.62,165
48.63,126
48.64,157
48.65,151
48.66,154
48.67,149
48.68,137
48.69,141
48.7,159
48.71,166
48.72,170
48.73,164
48.74,141
48.75,152
48.76,157
48.77,162
48.78,166
48.79,157
48.8,165
48.81,156
48.82,145
48.83,153
48.84,152
48.85,145
48.86,119
48.87,139
48.88,168
48.89,160
48.9,160
48.91,156
48.92,153
48.93,140
48.94,149
48.95,149
48.96,148
48.97,145
48.98,151
48.99,132
49,150
49.01,141
49.02,141
49.03,139
49.04,132
49.05,142
49.06,153
49.07,146
49.08,118
49.09,134
49.1,145
49.11,161
49.12,159
49.13,130
49.14,159
49.15,147
49.16,128
49.17,149
49.18,142
49.19,164
49.2,120
49.21,151
49.22,150
49.23,145
49.24,161
49.25,124
49.26,159
49.27,166
49.28,163
49.29,157
49.3,158
49.31,130
49.32,152
49.33,137
49.34,139
49.35,132
49.36,115
49.37,124
49.38,161
49.39,124
49.4,128
49.41,143
49.42,124
49.43,118
49.44,129
49.45,129
49.46,154
49.47,103
49.48,133
49.49,113
49.5,150
49.51,109
49.52,132
49.53,109
49.54,117
49.55,128
49.56,148
49.57,122
49.58,109
49.59,133
49.6,136
49.61,125
49.62,140
49.63,112
49.64,126
49.65,123
49.66,118
49.67,115
49.68,115
49.69,100
49.7,108
49.71,119
49.72,123
49.73,106
49.74,118
49.75,129
49.76,132
49.77,118
49.78,102
49.79,113
49.8,131
49.81,127
49.82,118
49.83,115
49.84,109
49.85,120
49.86,127
49.87,90
49.88,114
49.89,135
49.9,102
49.91,107
49.92,115
49.93,111
49.94,131
49.95,95
49.96,101
49.97,91
49.98,109
49.99,108
50,112
50.01,90
50.02,118
50.03,103
50.04,96
50.05,125
50.06,103
50.07,111
50.08,96
50.09,93
50.1,114
50.11,90
50.12,91
50.13,95
50.14,81
50.15,96
50.16,106
50.17,112
50.18,115
50.19,130
50.2,129
50.21,109
50.22,113
50.23,114
50.24,104
50.25,119
50.26,128
50.27,110
50.28,121
50.29,103
50.3,107
50.31,112
50.32,105
50.33,111
50.34,111
50.35,111
50.36,115
50.37,101
50.38,107
50.39,121
50.4,116
50.41,113
50.42,71
50.43,102
50.44,94
50.45,100
50.46,103
50.47,116
50.48,89
50.49,101
50.5,102
50.51,82
50.52,107
50.53,95
50.54,113
50.55,98
50.56,87
50.57,96
50.58,99
50.59,91
50.6,107
50.61,99
50.62,101
50.63,114
50.64,98
50.65,82
50.66,90
50.67,113
50.68,96
50.69,95
50.7,95
50.71,97
50.72,93
50.73,80
50.74,94
50.75,102
50.76,80
50.77,89
50.78,84
50.79,98
50.8,76
50.81,96
50.82,85
50.83,109
50.84,98
50.85,94
50.86,79
50.87,95
50.88,84
50.89,107
50.9,89
50.91,92
50.92,86
50.93,85
50.94,92
50.95,93
50.96,80
50.97,99
50.98,103
50.99,91
51,78
51.01,86
51.02,81
51.03,77
51.04,91
51.05,83
51.06,101
51.07,84
51.08,89
51.09,96
51.1,94
51.11,82
51.12,86
51.13,82
51.14,95
51.15,91
51.16,79
51.17,93
51.18,71
51.19,83
51.2,94
51.21,85
51.22,89
51.23,86
51.24,78
51.25,84
51.26,69
51.27,92
51.28,87
51.29,71
51.3,94
51.31,70
51.32,88
51.33,80
51.34,91
51.35,101
51.36,81
51.37,83
51.38,92
51.39,70
51.4,105
51.41,80
51.42,87
51.43,84
51.44,81
51.45,74
51.46,95
51.47,88
51.48,75
51.49,75
51.5,77
51.51,77
51.52,76
51.53,79
51.54,88
51.55,77
51.56,83
51.57,85
51.58,70
51.59,86
51.6,78
51.61,78
51.62,67
51.63,72
51.64,80
51.65,92
51.66,80
51.67,90
51.68,79
51.69,79
51.7,80
51.71,67
51.72,87
51.73,103
51.74,76
51.75,97
51.76,78
51.77,60
51.78,72
51.79,98
51.8,70
51.81,85
51.82,62
51.83,66
51.84,67
51.85,62
51.86,85
51.87,65
51.88,74
51.89,73
51.9,90
51.91,93
51.92,92
51.93,54
51.94,77
51.95,76
51.96,79
51.97,70
51.98,75
51.99,66
52,67
52.01,74
52.02,65
52.03,71
52.04,65
52.05,66
52.06,77
52.07,62
52.08,80
52.09,72
52.1,68
52.11,86
52.12,74
52.13,76
52.14,67
52.15,75
52.16,66
52.17,69
52.18,63
52.19,79
52.2,51
52.21,70
52.22,65
52.23,61
52.24,70
52.25,66
52.26,66
52.27,78
52.28,69
52.29,74
52.3,78
52.31,64
52.32,63
52.33,67
52.34,65
52.35,69
52.36,60
52.37,77
52.38,62
52.39,73
52.4,73
52.41,70
52.42,89
52.43,61
52.44,72
52.45,56
52.46,55
52.47,74
52.48,63
52.49,75
52.5,54
52.51,57
52.52,68
52.53,83
52.54,62
52.55,63
52.56,57
52.57,75
52.58,55
52.59,65
52.6,53
52.61,63
52.62,72
52.63,51
52.64,74
52.65,63
52.66,58
52.67,57
52.68,56
52.69,58
52.7,67
52.71,64
52.72,65
52.73,77
52.74,76
52.75,57
52.76,65
52.77,65
52.78,66
52.79,66
52.8,63
52.81,58
52.82,59
52.83,71
52.84,72
52.85,57
52.86,56
52.87,62
52.88,60
52.89,66
52.9,39
52.91,79
52.92,57
52.93,61
52.94,50
52.95,79
52.96,60
52.97,45
52.98,57
52.99,54
53,55
53.01,61
53.02,66
53.03,59
53.04,61
53.05,71
53.06,66
53.07,63
53.08,57
53.09,67
53.1,56
53.11,65
53.12,68
53.13,45
53.14,49
53.15,67
53.16,63
53.17,59
53.18,77
53.19,62
53.2,56
53.21,56
53.22,63
53.23,70
53.24,54
53.25,58
53.26,54
53.27,50
53.28,58
53.29,47
53.3,75
53.31,44
53.32,53
53.33,61
53.34,66
53.35,70
53.36,59
53.37,54
53.38,58
53.39,61
53.4,61
53.41,49
53.42,52
53.43,61
53.44,65
53.45,63
53.46,63
53.47,54
53.48,52
53.49,60
53.5,62
53.51,52
53.52,59
53.53,53
53.54,64
53.55,49
53.56,51
53.57,54
53.58,59
53.59,50
53.6,60
53.61,60
53.62,48
53.63,62
53.64,66
53.65,45
53.66,46
53.67,66
53.68,55
53.69,59
53.7,54
53.71,49
53.72,61
53.73,53
53.74,66
53.75,60
53.76,49
53.77,50
53.78,55
53.79,60
53.8,67
53.81,52
53.82,46
53.83,66
53.84,56
53.85,52
53.86,71
53.87,51
53.88,47
53.89,55
53.9,46
53.91,55
53.92,57
53.93,60
53.94,49
53.95,65
53.96,59
53.97,49
53.98,52
53.99,49
54,46
54.01,55
54.02,59
54.03,55
54.04,52
54.05,56
54.06,58
54.07,57
54.08,51
54.09,59
54.1,56
54.11,53
54.12,45
54.13,58
54.14,48
54.15,60
54.16,51
54.17,53
54.18,53
54.19,54
54.2,49
54.21,47
54.22,67
54.23,60
54.24,71
54.25,54
54.26,62
54.27,50
54.28,50
54.29,49
54.3,48
54.31,48
54.32,54
54.33,51
54.34,62
54.35,43
54.36,44
54.37,57
54.38,69
54.39,47
54.4,48
54.41,47
54.42,65
54.43,46
54.44,42
54.45,45
54.46,39
54.47,35
54.48,56
54.49,56
54.5,45
54.51,54
54.52,46
54.53,46
54.54,49
54.55,53
54.56,50
54.57,43
54.58,50
54.59,61
54.6,48
54.61,55
54.62,47
54.63,55
54.64,56
54.65,71
54.66,81
54.67,62
54.68,77
54.69,70
54.7,78
54.71,73
54.72,76
54.73,74
54.74,56
54.75,65
54.76,62
54.77,57
54.78,54
54.79,80
54.8,63
54.81,62
54.82,72
54.83,62
54.84,65
54.85,50
54.86,54
54.87,47
54.88,48
54.89,37
54.9,43
54.91,55
54.92,55
54.93,42
54.94,46
54.95,46
54.96,45
54.97,37
54.98,51
54.99,52
55,39
55.01,42
55.02,56
55.03,61
55.04,50
55.05,53
55.06,54
55.07,53
55.08,58
55.09,56
55.1,51
55.11,58
55.12,55
55.13,47
55.14,49
55.15,54
55.16,42
55.17,52
55.18,41
55.19,44
55.2,46
55.21,40
55.22,53
55.23,59
55.24,44
55.25,53
55.26,58
55.27,69
55.28,51
55.29,54
55.3,43
55.31,55
55.32,49
55.33,51
55.34,55
55.35,50
55.36,49
55.37,52
55.38,43
55.39,61
55.4,49
55.41,47
55.42,53
55.43,62
55.44,65
55.45,47
55.46,64
55.47,55
55.48,61
55.49,43
55.5,58
55.51,43
55.52,59
55.53,40
55.54,57
55.55,66
55.56,66
55.57,52
55.58,71
55.59,62
55.6,59
55.61,86
55.62,70
55.63,78
55.64,93
55.65,102
55.66,93
55.67,108
55.68,111
55.69,115
55.7,104
55.71,129
55.72,118
55.73,132
55.74,133
55.75,154
55.76,156
55.77,148
55.78,150
55.79,155
55.8,143
55.81,124
55.82,134
55.83,118
55.84,117
55.85,112
55.86,113
55.87,113
55.88,119
55.89,105
55.9,89
55.91,98
55.92,80
55.93,82
55.94,75
55.95,53
55.96,67
55.97,56
55.98,60
55.99,72
56,65
56.01,65
56.02,62
56.03,62
56.04,57
56.05,62
56.06,66
56.07,63
56.08,47
56.09,50
56.1,59
56.11,63
56.12,60
56.13,54
56.14,59
56.15,58
56.16,53
56.17,54
56.18,52
56.19,47
56.2,56
56.21,50
56.22,71
56.23,50
56.24,52
56.25,53
56.26,65
56.27,67
56.28,62
56.29,65
56.3,52
56.31,59
56.32,60
56.33,48
56.34,60
56.35,50
56.36,53
56.37,63
56.38,69
56.39,63
56.4,73
56.41,77
56.42,81
56.43,92
56.44,112
56.45,138
56.46,139
56.47,114
56.48,106
56.49,113
56.5,125
56.51,123
56.52,122
56.53,142
56.54,138
56.55,130
56.56,130
56.57,127
56.58,99
56.59,111
56.6,125
56.61,111
56.62,79
56.63,95
56.64,88
56.65,82
56.66,71
56.67,71
56.68,68
56.69,73
56.7,75
56.71,56
56.72,69
56.73,71
56.74,49
56.75,63
56.76,48
56.77,41
56.78,59
56.79,43
56.8,41
56.81,55
56.82,50
56.83,46
56.84,60
56.85,52
56.86,55
56.87,62
56.88,47
56.89,67
56.9,41
56.91,60
56.92,45
56.93,47
56.94,49
56.95,46
56.96,40
56.97,49
56.98,50
56.99,45
57,49
57.01,50
57.02,55
57.03,52
57.04,39
57.05,56
57.06,46
57.07,43
57.08,47
57.09,49
57.1,59
57.11,47
57.12,43
57.13,46
57.14,50
57.15,46
57.16,42
57.17,44
57.18,40
57.19,44
57.2,53
57.21,53
57.22,44
57.23,47
57.24,28
57.25,51
57.26,43
57.27,47
57.28,49
57.29,52
57.3,45
57.31,45
57.32,50
57.33,36
57.34,45
57.35,59
57.36,48
57.37,42
57.38,53
57.39,56
57.4,49
57.41,47
57.42,51
57.43,41
57.44,38
57.45,54
57.46,45
57.47,46
57.48,53
57.49,42
57.5,41
57.51,44
57.52,37
57.53,58
57.54,41
57.55,42
57.56,36
57.57,53
57.58,60
57.59,46
57.6,37
57.61,41
57.62,58
57.63,55
57.64,34
57.65,40
57.66,46
57.67,65
57.68,38
57.69,57
57.7,43
57.71,44
57.72,47
57.73,51
57.74,50
57.75,68
57.76,47
57.77,54
57.78,45
57.79,55
57.8,38
57.81,48
57.82,57
57.83,49
57.84,38
57.85,44
57.86,44
57.87,56
57.88,49
57.89,53
57.9,50
57.91,49
57.92,47
57.93,51
57.94,50
57.95,49
57.96,55
57.97,50
57.98,55
57.99,60
58,59
58.01,37
58.02,41
58.03,53
58.04,53
58.05,44
58.06,42
58.07,55
58.08,60
58.09,51
58.1,39
58.11,51
58.12,60
58.13,60
58.14,55
58.15,60
58.16,50
58.17,54
58.18,35
58.19,47
58.2,52
58.21,39
58.22,56
58.23,49
58.24,58
58.25,54
58.26,42
58.27,46
58.28,36
58.29,58
58.3,52
58.31,58
58.32,56
58.33,61
58.34,50
58.35,48
58.36,48
58.37,49
58.38,54
58.39,54
58.4,48
58.41,32
58.42,53
58.43,58
58.44,48
58.45,47
58.46,52
58.47,45
58.48,40
58.49,55
58.5,66
58.51,46
58.52,52
58.53,71
58.54,46
58.55,56
58.56,54
58.57,45
58.58,54
58.59,55
58.6,51
58.61,47
58.62,50
58.63,51
58.64,60
58.65,68
58.66,60
58.67,43
58.68,51
58.69,48
58.7,61
58.71,59
58.72,51
58.73,48
58.74,52
58.75,57
58.76,61
58.77,53
58.78,55
58.79,48
58.8,55
58.81,69
58.82,49
58.83,67
58.84,71
58.85,58
58.86,49
58.87,67
58.88,55
58.89,64
58.9,55
58.91,67
58.92,60
58.93,51
58.94,67
58.95,55
58.96,55
58.97,49
58.98,58
58.99,73
59,35
59.01,54
59.02,56
59.03,55
59.04,56
59.05,60
59.06,55
59.07,52
59.08,58
59.09,55
59.1,64
59.11,57
59.12,65
59.13,66
59.14,65
59.15,69
59.16,63
59.17,64
59.18,75
59.19,50
59.2,56
59.21,72
59.22,58
59.23,63
59.24,57
59.25,74
59.26,74
59.27,82
59.28,79
59.29,75
59.3,85
59.31,90
59.32,87
59.33,71
59.34,94
59.35,91
59.36,77
59.37,93
59.38,95
59.39,79
59.4,84
59.41,96
59.42,93
59.43,105
59.44,97
59.45,95
59.46,94
59.47,104
59.48,92
59.49,101
59.5,104
59.51,106
59.52,72
59.53,80
59.54,92
59.55,90
59.56,82
59.57,101
59.58,83
59.59,75
59.6,81
59.61,91
59.62,87
59.63,85
59.64,88
59.65,82
59.66,80
59.67,66
59.68,71
59.69,75
59.7,81
59.71,76
59.72,79
59.73,80
59.74,78
59.75,80
59.76,77
59.77,79
59.78,82
59.79,91
59.8,89
59.81,70
59.82,90
59.83,79
59.84,81
59.85,77
59.86,81
59.87,87
59.88,67
59.89,87
59.9,85
59.91,90
59.92,84
59.93,72
59.94,96
59.95,83
59.96,86
59.97,84
59.98,100
59.99,93
60,86
60.01,117
60.02,90
60.03,95
60.04,86
60.05,80
60.06,85
60.07,77
60.08,94
60.09,77
60.1,87
60.11,78
60.12,96
60.13,95
60.14,93
60.15,77
60.16,69
60.17,96
60.18,99
60.19,109
60.2,90
60.21,94
60.22,82
60.23,92
60.24,103
60.25,99
60.26,94
60.27,89
60.28,118
60.29,105
60.3,99
60.31,100
60.32,102
60.33,120
60.34,106
60.35,105
60.36,99
60.37,108
60.38,127
60.39,116
60.4,109
60.41,101
60.42,113
60.43,121
60.44,127
60.45,114
60.46,96
60.47,122
60.48,115
60.49,121
60.5,115
60.51,126
60.52,114
60.53,125
60.54,120
60.55,110
60.56,130
60.57,108
60.58,129
60.59,134
60.6,156
60.61,118
60.62,134
60.63,116
60.64,124
60.65,125
60.66,133
60.67,134
60.68,112
60.69,118
60.7,125
60.71,149
60.72,178
60.73,142
60.74,119
60.75,144
60.76,157
60.77,184
60.78,165
60.79,157
60.8,147
60.81,160
60.82,154
60.83,148
60.84,156
60.85,136
60.86,137
60.87,164
60.88,160
60.89,155
60.9,145
60.91,153
60.92,164
60.93,178
60.94,162
60.95,182
60.96,160
60.97,165
60.98,168
60.99,176
61,154
61.01,168
61.02,205
61.03,173
61.04,215
61.05,158
61.06,166
61.07,186
61.08,194
61.09,182
61.1,190
61.11,205
61.12,183
61.13,221
61.14,205
61.15,219
61.16,222
61.17,202
61.18,216
61.19,225
61.2,231
61.21,225
61.22,236
61.23,213
61.24,244
61.25,213
61.26,230
61.27,270
61.28,261
61.29,225
61.3,250
61.31,258
61.32,285
61.33,271
61.34,268
61.35,252
61.36,245
61.37,261
61.38,274
61.39,300
61.4,293
61.41,287
61.42,336
61.43,283
61.44,268
61.45,307
61.46,303
61.47,317
61.48,331
61.49,365
61.5,326
61.51,310
61.52,336
61.53,361
61.54,364
61.55,370
61.56,369
61.57,358
61.58,408
61.59,378
61.6,408
61.61,414
61.62,426
61.63,452
61.64,442
61.65,425
61.66,478
61.67,441
61.68,469
61.69,517
61.7,551
61.71,531
61.72,542
61.73,551
61.74,600
61.75,602
61.76,632
61.77,667
61.78,641
61.79,659
61.8,683
61.81,729
61.82,755
61.83,768
61.84,874
61.85,882
61.86,945
61.87,945
61.88,1041
61.89,1055
61.9,1124
61.91,1217
61.92,1272
61.93,1331
61.94,1380
61.95,1525
61.96,1547
61.97,1692
61.98,1817
61.99,1959
62,2078
62.01,2279
62.02,2368
62.03,2488
62.04,2710
62.05,2907
62.06,3134
62.07,3479
62.08,3670
62.09,4041
62.1,4315
62.11,4914
62.12,5455
62.13,5894
62.14,6660
62.15,7600
62.16,8628
62.17,9647
62.18,10969
62.19,12494
62.2,13956
62.21,15979
62.22,18097
62.23,20382
62.24,22663
62.25,24638
62.26,27456
62.27,29271
62.28,31670
62.29,33288
62.3,35059
62.31,36361
62.32,37460
62.33,37943
62.34,38609
62.35,38279
62.36,38211
62.37,37779
62.38,37150
62.39,36036
62.4,35636
62.41,34837
62.42,33780
62.43,32867
62.44,32018
62.45,31335
62.46,30851
62.47,29720
62.48,28959
62.49,28718
62.5,27952
62.51,26843
62.52,25547
62.53,24940
62.54,23604
62.55,22323
62.56,20664
62.57,19314
62.58,18122
62.59,16726
62.6,15348
62.61,14106
62.62,12800
62.63,11721
62.64,10744
62.65,9716
62.66,8939
62.67,8198
62.68,7522
62.69,7020
62.7,6295
62.71,5949
62.72,5393
62.73,5018
62.74,4721
62.75,4358
62.76,4130
62.77,3780
62.78,3539
62.79,3211
62.8,2992
62.81,2789
62.82,2726
62.83,2455
62.84,2343
62.85,2315
62.86,2124
62.87,1959
62.88,1833
62.89,1789
62.9,1679
62.91,1533
62.92,1423
62.93,1378
62.94,1285
62.95,1218
62.96,1129
62.97,1109
62.98,1085
62.99,1023
63,1001
63.01,892
63.02,908
63.03,860
63.04,820
63.05,724
63.06,736
63.07,738
63.08,695
63.09,685
63.1,659
63.11,646
63.12,564
63.13,577
63.14,562
63.15,512
63.16,559
63.17,508
63.18,506
63.19,512
63.2,477
63.21,440
63.22,445
63.23,396
63.24,415
63.25,352
63.26,382
63.27,395
63.28,370
63.29,356
63.3,399
63.31,331
63.32,343
63.33,344
63.34,307
63.35,323
63.36,282
63.37,285
63.38,284
63.39,291
63.4,264
63.41,264
63.42,290
63.43,271
63.44,247
63.45,274
63.46,249
63.47,225
63.48,241
63.49,226
63.5,227
63.51,223
63.52,206
63.53,207
63.54,189
63.55,211
63.56,225
63.57,174
63.58,213
63.59,193
63.6,183
63.61,209
63.62,189
63.63,185
63.64,179
63.65,179
63.66,173
63.67,171
63.68,176
63.69,161
63.7,152
63.71,149
63.72,158
63.73,164
63.74,173
63.75,190
63.76,151
63.77,176
63.78,147
63.79,158
63.8,164
63.81,130
63.82,121
63.83,127
63.84,143
63.85,135
63.86,131
63.87,143
63.88,133
63.89,125
63.9,121
63.91,138
63.92,129
63.93,151
63.94,130
63.95,127
63.96,122
63.97,133
63.98,133
63.99,116
64,117
64.01,123
64.02,116
64.03,128
64.04,140
64.05,140
64.06,139
64.07,118
64.08,120
64.09,136
64.1,136
64.11,116
64.12,110
64.13,121
64.14,134
64.15,138
64.16,129
64.17,105
64.18,150
64.19,121
64.2,157
64.21,144
64.22,135
64.23,150
64.24,139
64.25,166
64.26,138
64.27,129
64.28,161
64.29,155
64.3,146
64.31,172
64.32,164
64.33,160
64.34,177
64.35,187
64.36,181
64.37,195
64.38,170
64.39,174
64.4,215
64.41,203
64.42,182
64.43,184
64.44,193
64.45,181
64.46,203
64.47,194
64.48,193
64.49,194
64.5,199
64.51,203
64.52,207
64.53,178
64.54,200
64.55,193
64.56,182
64.57,167
64.58,178
64.59,193
64.6,183
64.61,169
64.62,166
64.63,179
64.64,177
64.65,167
64.66,157
64.67,143
64.68,165
64.69,146
64.7,143
64.71,140
64.72,137
64.73,103
64.74,123
64.75,115
64.76,110
64.77,110
64.78,91
64.79,138
64.8,116
64.81,126
64.82,106
64.83,93
64.84,115
64.85,110
64.86,106
64.87,102
64.88,85
64.89,84
64.9,72
64.91,91
64.92,94
64.93,77
64.94,85
64.95,71
64.96,82
64.97,70
64.98,73
64.99,72
65,65
65.01,70
65.02,76
65.03,61
65.04,69
65.05,61
65.06,60
65.07,72
65.08,68
65.09,73
65.1,68
65.11,60
65.12,67
65.13,72
65.14,58
65.15,78
65.16,47
65.17,89
65.18,52
65.19,58
65.2,59
65.21,57
65.22,59
65.23,54
65.24,59
65.25,61
65.26,70
65.27,64
65.28,46
65.29,59
65.3,58
65.31,61
65.32,57
65.33,50
65.34,44
65.35,53
65.36,48
65.37,58
65.38,52
65.39,64
65.4,52
65.41,51
65.42,46
65.43,51
65.44,47
65.45,49
65.46,50
65.47,50
65.48,42
65.49,54
65.5,51
65.51,45
65.52,46
65.53,57
65.54,38
65.55,36
65.56,59
65.57,54
65.58,55
65.59,39
65.6,44
65.61,51
65.62,40
65.63,43
65.64,44
65.65,40
65.66,53
65.67,58
65.68,55
65.69,53
65.7,57
65.71,60
65.72,41
65.73,51
65.74,52
65.75,63
65.76,47
65.77,54
65.78,43
65.79,54
65.8,55
65.81,51
65.82,54
65.83,39
65.84,46
65.85,54
65.86,48
65.87,60
65.88,38
65.89,49
65.9,51
65.91,46
65.92,55
65.93,41
65.94,47
65.95,61
65.96,51
65.97,56
65.98,54
65.99,55
66,50
66.01,37
66.02,49
66.03,33
66.04,35
66.05,43
66.06,37
66.07,38
66.08,46
66.09,40
66.1,47
66.11,40
66.12,44
66.13,37
66.14,35
66.15,34
66.16,48
66.17,52
66.18,42
66.19,33
66.2,36
66.21,41
66.22,25
66.23,41
66.24,45
66.25,32
66.26,52
66.27,40
66.28,38
66.29,40
66.3,47
66.31,36
66.32,56
66.33,44
66.34,35
66.35,33
66.36,40
66.37,33
66.38,44
66.39,36
66.4,29
66.41,42
66.42,30
66.43,34
66.44,34
66.45,35
66.46,40
66.47,42
66.48,48
66.49,43
66.5,43
66.51,29
66.52,30
66.53,46
66.54,42
66.55,37
66.56,33
66.57,38
66.58,36
66.59,38
66.6,43
66.61,35
66.62,33
66.63,34
66.64,32
66.65,26
66.66,26
66.67,44
66.68,36
66.69,38
66.7,35
66.71,39
66.72,23
66.73,34
66.74,37
66.75,40
66.76,25
66.77,37
66.78,39
66.79,42
66.8,36
66.81,42
66.82,50
66.83,32
66.84,31
66.85,26
66.86,32
66.87,37
66.88,30
66.89,36
66.9,29
66.91,40
66.92,25
66.93,28
66.94,43
66.95,35
66.96,36
66.97,36
66.98,39
66.99,33
67,40
67.01,39
67.02,35
67.03,40
67.04,25
67.05,44
67.06,34
67.07,38
67.08,32
67.09,30
67.1,37
67.11,39
67.12,34
67.13,35
67.14,27
67.15,32
67.16,34
67.17,45
67.18,38
67.19,32
67.2,41
67.21,37
67.22,40
67.23,26
67.24,29
67.25,30
67.26,38
67.27,42
67.28,52
67.29,39
67.3,32
67.31,36
67.32,39
67.33,29
67.34,32
67.35,28
67.36,40
67.37,39
67.38,33
67.39,40
67.4,33
67.41,28
67.42,36
67.43,43
67.44,31
67.45,37
67.46,26
67.47,36
67.48,22
67.49,36
67.5,33
67.51,40
67.52,32
67.53,26
67.54,35
67.55,32
67.56,39
67.57,33
67.58,41
67.59,35
67.6,30
67.61,27
67.62,32
67.63,31
67.64,34
67.65,39
67.66,43
67.67,21
67.68,48
67.69,32
67.7,42
67.71,26
67.72,32
67.73,32
67.74,40
67.75,31
67.76,24
67.77,36
67.78,34
67.79,35
67.8,47
67.81,39
67.82,38
67.83,32
67.84,33
67.85,36
67.86,29
67.87,33
67.88,40
67.89,41
67.9,27
67.91,34
67.92,29
67.93,31
67.94,46
67.95,24
67.96,34
67.97,29
67.98,33
67.99,30
68,39
68.01,41
68.02,38
68.03,39
68.04,32
68.05,35
68.06,31
68.07,33
68.08,32
68.09,27
68.1,26
68.11,25
68.12,26
68.13,24
68.14,36
68.15,32
68.16,25
68.17,27
68.18,41
68.19,26
68.2,32
68.21,29
68.22,36
68.23,32
68.24,40
68.25,29
68.26,36
68.27,44
68.28,22
68.29,31
68.3,28
68.31,27
68.32,39
68.33,31
68.34,32
68.35,38
68.36,33
68.37,32
68.38,28
68.39,28
68.4,27
68.41,40
68.42,27
68.43,23
68.44,38
68.45,33
68.46,29
68.47,28
68.48,31
68.49,39
68.5,23
68.51,31
68.52,36
68.53,40
68.54,25
68.55,32
68.56,26
68.57,34
68.58,37
68.59,35
68.6,30
68.61,29
68.62,26
68.63,41
68.64,29
68.65,38
68.66,33
68.67,37
68.68,33
68.69,36
68.7,26
68.71,32
68.72,25
68.73,39
68.74,25
68.75,36
68.76,37
68.77,32
68.78,28
68.79,45
68.8,42
68.81,30
68.82,38
68.83,32
68.84,27
68.85,29
68.86,30
68.87,31
68.88,33
68.89,45
68.9,31
68.91,37
68.92,33
68.93,27
68.94,46
68.95,26
68.96,33
68.97,28
68.98,31
68.99,28
69,28
69.01,24
69.02,22
69.03,29
69.04,28
69.05,31
69.06,29
69.07,28
69.08,23
69.09,43
69.1,39
69.11,42
69.12,29
69.13,36
69.14,39
69.15,34
69.16,24
69.17,31
69.18,27
69.19,43
69.2,30
69.21,29
69.22,39
69.23,35
69.24,34
69.25,36
69.26,32
69.27,37
69.28,41
69.29,30
69.3,24
69.31,28
69.32,41
69.33,36
69.34,31
69.35,33
69.36,33
69.37,31
69.38,34
69.39,20
69.4,33
69.41,21
69.42,36
69.43,40
69.44,33
69.45,21
69.46,32
69.47,25
69.48,19
69.49,31
69.5,35
69.51,31
69.52,34
69.53,31
69.54,34
69.55,22
69.56,26
69.57,22
69.58,23
69.59,33
69.6,38
69.61,24
69.62,30
69.63,36
69.64,29
69.65,28
69.66,18
69.67,38
69.68,28
69.69,34
69.7,21
69.71,23
69.72,29
69.73,37
69.74,31
69.75,24
69.76,19
69.77,29
69.78,31
69.79,33
69.8,21
69.81,33
69.82,37
69.83,28
69.84,46
69.85,29
69.86,30
69.87,29
69.88,30
69.89,32
69.9,28
69.91,37
69.92,32
69.93,32
69.94,29
69.95,30
69.96,30
69.97,32
69.98,30
69.99,32
70,36
70.01,32
70.02,22
70.03,27
70.04,22
70.05,43
70.06,30
70.07,33
70.08,22
70.09,32
70.1,24
70.11,21
70.12,33
70.13,22
70.14,30
70.15,26
70.16,30
70.17,30
70.18,30
70.19,23
70.2,26
70.21,32
70.22,26
70.23,29
70.24,29
70.25,26
70.26,33
70.27,20
70.28,28
70.29,36
70.3,30
70.31,24
70.32,31
70.33,30
70.34,22
70.35,35
70.36,33
70.37,25
70.38,27
70.39,30
70.4,31
70.41,28
70.42,29
70.43,23
70.44,23
70.45,25
70.46,30
70.47,36
70.48,31
70.49,20
70.5,28
70.51,23
70.52,38
70.53,32
70.54,21
70.55,33
70.56,32
70.57,25
70.58,23
70.59,30
70.6,35
70.61,26
70.62,28
70.63,33
70.64,39
70.65,41
70.66,34
70.67,25
70.68,21
70.69,23
70.7,38
70.71,32
70.72,35
70.73,43
70.74,25
70.75,26
70.76,26
70.77,34
70.78,30
70.79,29
70.8,30
70.81,24
70.82,27
70.83,22
70.84,35
70.85,38
70.86,28
70.87,28
70.88,23
70.89,26
70.9,32
70.91,19
70.92,25
70.93,21
70.94,26
70.95,47
70.96,34
70.97,34
70.98,26
70.99,28
71,28
71.01,27
71.02,32
71.03,35
71.04,28
71.05,27
71.06,27
71.07,29
71.08,34
71.09,30
71.1,24
71.11,31
71.12,27
71.13,31
71.14,24
71.15,28
71.16,28
71.17,24
71.18,36
71.19,28
71.2,31
71.21,31
71.22,31
71.23,42
71.24,33
71.25,25
71.26,21
71.27,28
71.28,28
71.29,26
71.3,26
71.31,31
71.32,32
71.33,26
71.34,26
71.35,40
71.36,27
71.37,25
71.38,42
71.39,31
71.4,31
71.41,36
71.42,31
71.43,20
71.44,33
71.45,37
71.46,28
71.47,26
71.48,24
71.49,27
71.5,26
71.51,23
71.52,24
71.53,27
71.54,24
71.55,26
71.56,35
71.57,27
71.58,32
71.59,32
71.6,33
71.61,31
71.62,21
71.63,36
71.64,29
71.65,34
71.66,29
71.67,23
71.68,29
71.69,29
71.7,30
71.71,22
71.72,34
71.73,27
71.74,34
71.75,35
71.76,36
71.77,37
71.78,24
71.79,25
71.8,33
71.81,25
71.82,47
71.83,32
71.84,31
71.85,39
71.86,35
71.87,22
71.88,21
71.89,33
71.9,23
71.91,34
71.92,32
71.93,32
71.94,32
71.95,35
71.96,32
71.97,35
71.98,39
71.99,29
72,31
72.01,31
72.02,29
72.03,24
72.04,23
72.05,22
72.06,33
72.07,29
72.08,37
72.09,27
72.1,30
72.11,35
72.12,31
72.13,30
72.14,30
72.15,29
72.16,37
72.17,28
72.18,26
72.19,27
72.2,25
72.21,25
72.22,29
72.23,29
72.24,36
72.25,31
72.26,24
72.27,39
72.28,33
72.29,37
72.3,29
72.31,30
72.32,30
72.33,33
72.34,28
72.35,39
72.36,30
72.37,49
72.38,30
72.39,25
72.4,27
72.41,37
72.42,36
72.43,42
72.44,39
72.45,47
72.46,33
72.47,39
72.48,38
72.49,30
72.5,42
72.51,32
72.52,34
72.53,28
72.54,38
72.55,31
72.56,30
72.57,37
72.58,31
72.59,34
72.6,26
72.61,31
72.62,30
72.63,29
72.64,24
72.65,31
72.66,36
72.67,26
72.68,31
72.69,30
72.7,37
72.71,26
72.72,32
72.73,24
72.74,44
72.75,23
72.76,29
72.77,23
72.78,35
72.79,28
72.8,35
72.81,35
72.82,30
72.83,32
72.84,28
72.85,42
72.86,31
72.87,35
72.88,25
72.89,26
72.9,37
72.91,40
72.92,29
72.93,31
72.94,33
72.95,32
72.96,26
72.97,32
72.98,32
72.99,28
73,29
73.01,24
73.02,31
73.03,21
73.04,40
73.05,29
73.06,16
73.07,35
73.08,35
73.09,30
73.1,29
73.11,24
73.12,28
73.13,39
73.14,33
73.15,30
73.16,34
73.17,29
73.18,31
73.19,37
73.2,40
73.21,19
73.22,29
73.23,36
73.24,27
73.25,33
73.26,31
73.27,28
73.28,26
73.29,27
73.3,16
73.31,35
73.32,27
73.33,27
73.34,32
73.35,25
73.36,24
73.37,34
73.38,32
73.39,27
73.4,28
73.41,33
73.42,29
73.43,29
73.44,27
73.45,30
73.46,22
73.47,24
73.48,25
73.49,35
73.5,25
73.51,35
73.52,22
73.53,27
73.54,25
73.55,29
73.56,24
73.57,34
73.58,20
73.59,31
73.6,21
73.61,23
73.62,25
73.63,35
73.64,23
73.65,39
73.66,20
73.67,39
73.68,31
73.69,29
73.7,34
73.71,28
73.72,24
73.73,37
73.74,44
73.75,19
73.76,28
73.77,36
73.78,25
73.79,30
73.8,29
73.81,45
73.82,31
73.83,31
73.84,19
73.85,30
73.86,25
73.87,24
73.88,31
73.89,33
73.9,32
73.91,34
73.92,33
73.93,24
73.94,34
73.95,29
73.96,28
73.97,40
73.98,19
73.99,34
74,15
74.01,28
74.02,25
74.03,22
74.04,35
74.05,29
74.06,26
74.07,23
74.08,36
74.09,23
74.1,43
74.11,32
74.12,31
74.13,40
74.14,18
74.15,21
74.16,27
74.17,21
74.18,31
74.19,32
74.2,23
74.21,26
74.22,39
74.23,24
74.24,28
74.25,27
74.26,32
74.27,26
74.28,36
74.29,37
74.3,29
74.31,31
74.32,30
74.33,28
74.34,30
74.35,31
74.36,32
74.37,29
74.38,33
74.39,32
74.4,29
74.41,42
74.42,33
74.43,27
74.44,33
74.45,30
74.46,25
74.47,33
74.48,29
74.49,31
74.5,22
74.51,39
74.52,31
74.53,32
74.54,33
74.55,35
74.56,37
74.57,28
74.58,29
74.59,24
74.6,34
74.61,28
74.62,34
74.63,26
74.64,32
74.65,34
74.66,23
74.67,25
74.68,24
74.69,24
74.7,26
74.71,23
74.72,31
74.73,23
74.74,29
74.75,24
74.76,25
74.77,32
74.78,32
74.79,39
74.8,38
74.81,34
74.82,28
74.83,27
74.84,31
74.85,33
74.86,29
74.87,39
74.88,32
74.89,23
74.9,33
74.91,43
74.92,45
74.93,45
74.94,37
74.95,38
74.96,29
74.97,57
74.98,39
74.99,36
75,30
75.01,20
75.02,37
75.03,27
75.04,38
75.05,27
75.06,25
75.07,32
75.08,28
75.09,32
75.1,48
75.11,28
75.12,31
75.13,30
75.14,39
75.15,30
75.16,38
75.17,33
75.18,40
75.19,32
75.2,33
75.21,36
75.22,30
75.23,38
75.24,29
75.25,28
75.26,32
75.27,26
75.28,23
75.29,29
75.3,21
75.31,21
75.32,24
75.33,32
75.34,30
75.35,26
75.36,26
75.37,27
75.38,36
75.39,28
75.4,36
75.41,29
75.42,21
75.43,30
75.44,26
75.45,35
75.46,34
75.47,36
75.48,30
75.49,27
75.5,30
75.51,32
75.52,32
75.53,27
75.54,36
75.55,26
75.56,39
75.57,27
75.58,30
75.59,31
75.6,23
75.61,31
75.62,33
75.63,33
75.64,16
75.65,35
75.66,25
75.67,33
75.68,28
75.69,40
75.7,41
75.71,29
75.72,29
75.73,25
75.74,28
75.75,26
75.76,36
75.77,31
75.78,31
75.79,33
75.8,22
75.81,27
75.82,28
75.83,22
75.84,33
75.85,42
75.86,25
75.87,21
75.88,33
75.89,25
75.9,39
75.91,26
75.92,33
75.93,31
75.94,43
75.95,29
75.96,32
75.97,32
75.98,26
75.99,41
76,27
76.01,28
76.02,35
76.03,24
76.04,26
76.05,40
76.06,37
76.07,31
76.08,40
76.09,40
76.1,34
76.11,34
76.12,23
76.13,25
76.14,37
76.15,32
76.16,37
76.17,30
76.18,42
76.19,29
76.2,36
76.21,26
76.22,26
76.23,38
76.24,29
76.25,37
76.26,28
76.27,36
76.28,32
76.29,30
76.3,40
76.31,32
76.32,32
76.33,41
76.34,27
76.35,30
76.36,32
76.37,41
76.38,24
76.39,39
76.4,31
76.41,40
76.42,32
76.43,31
76.44,24
76.45,32
76.46,38
76.47,43
76.48,42
76.49,48
76.5,29
76.51,31
76.52,37
76.53,29
76.54,31
76.55,26
76.56,44
76.57,40
76.58,47
76.59,38
76.6,34
76.61,33
76.62,41
76.63,41
76.64,36
76.65,34
76.66,44
76.67,29
76.68,52
76.69,53
76.7,43
76.71,44
76.72,34
76.73,39
76.74,30
76.75,37
76.76,39
76.77,37
76.78,32
76.79,49
76.8,47
76.81,33
76.82,51
76.83,44
76.84,30
76.85,45
76.86,50
76.87,46
76.88,43
76.89,49
76.9,46
76.91,46
76.92,60
76.93,59
76.94,40
76.95,43
76.96,43
76.97,51
76.98,46
76.99,58
77,54
77.01,63
77.02,48
77.03,57
77.04,56
77.05,52
77.06,58
77.07,36
77.08,44
77.09,45
77.1,61
77.11,60
77.12,64
77.13,64
77.14,58
77.15,52
77.16,65
77.17,67
77.18,51
77.19,68
77.2,68
77.21,76
77.22,69
77.23,71
77.24,59
77.25,69
77.26,74
77.27,65
77.28,96
77.29,74
77.3,91
77.31,91
77.32,71
77.33,99
77.34,90
77.35,80
77.36,85
77.37,69
77.38,82
77.39,91
77.4,66
77.41,65
77.42,78
77.43,77
77.44,92
77.45,70
77.46,76
77.47,77
77.48,84
77.49,85
77.5,72
77.51,72
77.52,69
77.53,98
77.54,87
77.55,63
77.56,64
77.57,73
77.58,89
77.59,73
77.6,79
77.61,60
77.62,73
77.63,79
77.64,72
77.65,70
77.66,70
77.67,61
77.68,68
77.69,74
77.7,52
77.71,62
77.72,60
77.73,61
77.74,62
77.75,68
77.76,58
77.77,61
77.78,68
77.79,68
77.8,48
77.81,52
77.82,54
77.83,43
77.84,68
77.85,56
77.86,59
77.87,51
77.88,55
77.89,45
77.9,62
77.91,66
77.92,46
77.93,46
77.94,56
77.95,50
77.96,35
77.97,50
77.98,59
77.99,46
78,36
78.01,43
78.02,44
78.03,37
78.04,52
78.05,39
78.06,35
78.07,25
78.08,41
78.09,42
78.1,39
78.11,51
78.12,45
78.13,41
78.14,35
78.15,40
78.16,41
78.17,47
78.18,46
78.19,37
78.2,42
78.21,43
78.22,36
78.23,25
78.24,60
78.25,25
78.26,41
78.27,37
78.28,47
78.29,33
78.3,35
78.31,43
78.32,41
78.33,35
78.34,44
78.35,39
78.36,38
78.37,40
78.38,29
78.39,41
78.4,49
78.41,44
78.42,42
78.43,31
78.44,36
78.45,30
78.46,38
78.47,36
78.48,34
78.49,27
78.5,36
78.51,32
78.52,29
78.53,29
78.54,29
78.55,27
78.56,32
78.57,37
78.58,23
78.59,27
78.6,28
78.61,39
78.62,35
78.63,26
78.64,39
78.65,40
78.66,34
78.67,42
78.68,44
78.69,30
78.7,39
78.71,38
78.72,23
78.73,28
78.74,39
78.75,28
78.76,28
78.77,31
78.78,32
78.79,32
78.8,30
78.81,36
78.82,32
78.83,25
78.84,31
78.85,33
78.86,50
78.87,28
78.88,38
78.89,39
78.9,46
78.91,35
78.92,29
78.93,26
78.94,35
78.95,28
78.96,32
78.97,23
78.98,21
78.99,36
79,39
79.01,38
79.02,28
79.03,37
79.04,30
79.05,32
79.06,29
79.07,23
79.08,22
79.09,23
79.1,30
79.11,30
79.12,22
79.13,36
79.14,37
79.15,38
79.16,39
79.17,37
79.18,36
79.19,28
79.2,27
79.21,20
79.22,35
79.23,27
79.24,38
79.25,31
79.26,37
79.27,39
79.28,33
79.29,38
79.3,25
79.31,32
79.32,23
79.33,35
79.34,42
79.35,25
79.36,36
79.37,31
79.38,30
79.39,28
79.4,28
79.41,29
79.42,35
79.43,29
79.44,29
79.45,34
79.46,36
79.47,27
79.48,35
79.49,34
79.5,29
79.51,38
79.52,29
79.53,29
79.54,32
79.55,28
79.56,39
79.57,28
79.58,28
79.59,30
79.6,34
79.61,18
79.62,38
79.63,32
79.64,40
79.65,38
79.66,30
79.67,32
79.68,24
79.69,32
79.7,28
79.71,24
79.72,20
79.73,25
79.74,22
79.75,23
79.76,30
79.77,29
79.78,34
79.79,31
79.8,25
79.81,26
79.82,30
79.83,41
79.84,34
79.85,30
79.86,34
79.87,23
79.88,30
79.89,25
79.9,33
79.91,35
79.92,42
79.93,23
79.94,30
79.95,32
79.96,21
79.97,31
79.98,34
79.99,36
80,39
80.01,34
80.02,29
80.03,39
80.04,38
80.05,29
80.06,37
80.07,32
80.08,38
80.09,23
80.1,30
80.11,31
80.12,31
80.13,26
80.14,30
80.15,24
80.16,42
80.17,32
80.18,38
80.19,25
80.2,34
80.21,42
80.22,26
80.23,31
80.24,28
80.25,27
80.26,34
80.27,32
80.28,34
80.29,31
80.3,30
80.31,35
80.32,40
80.33,34
80.34,34
80.35,35
80.36,39
80.37,30
80.38,30
80.39,30
80.4,28
80.41,31
80.42,23
80.43,30
80.44,44
80.45,27
80.46,17
80.47,26
80.48,22
80.49,34
80.5,20
80.51,33
80.52,30
80.53,23
80.54,46
80.55,41
80.56,37
80.57,34
80.58,31
80.59,30
80.6,45
80.61,35
80.62,30
80.63,37
80.64,33
80.65,36
80.66,34
80.67,27
80.68,31
80.69,51
80.7,26
80.71,28
80.72,43
80.73,39
80.74,50
80.75,37
80.76,35
80.77,38
80.78,35
80.79,35
80.8,36
80.81,38
80.82,36
80.83,34
80.84,34
80.85,33
80.86,45
80.87,25
80.88,29
80.89,23
80.9,43
80.91,48
80.92,37
80.93,42
80.94,30
80.95,38
80.96,37
80.97,28
80.98,37
80.99,27
81,40
81.01,29
81.02,35
81.03,41
81.04,30
81.05,32
81.06,43
81.07,30
81.08,36
81.09,25
81.1,35
81.11,40
81.12,35
81.13,39
81.14,33
81.15,31
81.16,40
81.17,28
81.18,27
81.19,37
81.2,32
81.21,39
81.22,40
81.23,33
81.24,46
81.25,45
81.26,53
81.27,35
81.28,36
81.29,43
81.3,48
81.31,31
81.32,40
81.33,46
81.34,45
81.35,39
81.36,37
81.37,44
81.38,34
81.39,36
81.4,50
81.41,42
81.42,37
81.43,46
81.44,51
81.45,46
81.46,43
81.47,34
81.48,53
81.49,53
81.5,48
81.51,52
81.52,48
81.53,48
81.54,47
81.55,45
81.56,48
81.57,47
81.58,42
81.59,60
81.6,59
81.61,59
81.62,54
81.63,52
81.64,41
81.65,45
81.66,52
81.67,49
81.68,56
81.69,59
81.7,54
81.71,53
81.72,59
81.73,59
81.74,59
81.75,57
81.76,55
81.77,43
81.78,57
81.79,74
81.8,68
81.81,67
81.82,63
81.83,65
81.84,61
81.85,62
81.86,78
81.87,73
81.88,81
81.89,74
81.9,88
81.91,78
81.92,98
81.93,101
81.94,92
81.95,73
81.96,104
81.97,77
81.98,69
81.99,87
82,88
82.01,80
82.02,84
82.03,59
82.04,76
82.05,79
82.06,65
82.07,66
82.08,68
82.09,66
82.1,72
82.11,53
82.12,78
82.13,60
82.14,64
82.15,56
82.16,71
82.17,70
82.18,68
82.19,75
82.2,53
82.21,69
82.22,66
82.23,71
82.24,68
82.25,65
82.26,63
82.27,72
82.28,78
82.29,68
82.3,63
82.31,79
82.32,83
82.33,81
82.34,71
82.35,77
82.36,80
82.37,83
82.38,67
82.39,85
82.4,86
82.41,85
82.42,86
82.43,93
82.44,89
82.45,93
82.46,89
82.47,101
82.48,110
82.49,118
82.5,141
82.51,120
82.52,162
82.53,165
82.54,148
82.55,183
82.56,230
82.57,262
82.58,310
82.59,338
82.6,386
82.61,460
82.62,595
82.63,721
82.64,910
82.65,1159
82.66,1498
82.67,1914
82.68,2364
82.69,2880
82.7,3396
82.71,3627
82.72,3788
82.73,4076
82.74,3965
82.75,3794
82.76,3630
82.77,3348
82.78,3089
82.79,2680
82.8,2181
82.81,1941
82.82,1553
82.83,1275
82.84,1097
82.85,895
82.86,721
82.87,661
82.88,550
82.89,494
82.9,428
82.91,378
82.92,341
82.93,322
82.94,273
82.95,263
82.96,242
82.97,224
82.98,207
82.99,193
83,212
83.01,213
83.02,198
83.03,193
83.04,167
83.05,158
83.06,170
83.07,167
83.08,127
83.09,150
83.1,148
83.11,133
83.12,124
83.13,130
83.14,130
83.15,113
83.16,129
83.17,118
83.18,116
83.19,110
83.2,125
83.21,118
83.22,101
83.23,109
83.24,96
83.25,114
83.26,107
83.27,114
83.28,100
83.29,131
83.3,97
83.31,103
83.32,102
83.33,108
83.34,109
83.35,96
83.36,101
83.37,81
83.38,102
83.39,87
83.4,74
83.41,107
83.42,87
83.43,91
83.44,92
83.45,85
83.46,85
83.47,74
83.48,78
83.49,80
83.5,91
83.51,76
83.52,75
83.53,110
83.54,74
83.55,84
83.56,91
83.57,93
83.58,77
83.59,80
83.6,81
83.61,81
83.62,68
83.63,85
83.64,84
83.65,82
83.66,79
83.67,64
83.68,81
83.69,86
83.7,71
83.71,79
83.72,75
83.73,71
83.74,80
83.75,87
83.76,89
83.77,79
83.78,79
83.79,67
83.8,72
83.81,70
83.82,74
83.83,72
83.84,89
83.85,84
83.86,83
83.87,87
83.88,69
83.89,72
83.9,78
83.91,87
83.92,88
83.93,82
83.94,85
83.95,76
83.96,74
83.97,61
83.98,77
83.99,79
84,76
84.01,77
84.02,64
84.03,70
84.04,76
84.05,65
84.06,67
84.07,85
84.08,79
84.09,84
84.1,87
84.11,69
84.12,69
84.13,73
84.14,76
84.15,57
84.16,75
84.17,84
84.18,84
84.19,83
84.2,74
84.21,84
84.22,73
84.23,73
84.24,88
84.25,92
84.26,83
84.27,78
84.28,88
84.29,75
84.3,88
84.31,60
84.32,81
84.33,69
84.34,88
84.35,75
84.36,82
84.37,78
84.38,69
84.39,82
84.4,79
84.41,90
84.42,88
84.43,60
84.44,67
84.45,87
84.46,79
84.47,75
84.48,77
84.49,78
84.5,88
84.51,83
84.52,89
84.53,80
84.54,91
84.55,71
84.56,88
84.57,73
84.58,74
84.59,77
84.6,85
84.61,82
84.62,84
84.63,83
84.64,69
84.65,87
84.66,86
84.67,82
84.68,88
84.69,76
84.7,78
84.71,80
84.72,64
84.73,74
84.74,76
84.75,81
84.76,75
84.77,85
84.78,93
84.79,91
84.8,84
84.81,67
84.82,81
84.83,82
84.84,67
84.85,92
84.86,70
84.87,83
84.88,77
84.89,83
84.9,79
84.91,94
84.92,78
84.93,74
84.94,92
84.95,91
84.96,76
84.97,67
84.98,88
84.99,99
85,73
85.01,86
85.02,73
85.03,66
85.04,72
85.05,82
85.06,74
85.07,79
85.08,95
85.09,78
85.1,81
85.11,82
85.12,83
85.13,80
85.14,91
85.15,96
85.16,88
85.17,83
85.18,91
85.19,64
85.2,82
85.21,85
85.22,79
85.23,85
85.24,85
85.25,70
85.26,81
85.27,79
85.28,81
85.29,91
85.3,74
85.31,70
85.32,76
85.33,70
85.34,92
85.35,94
85.36,95
85.37,81
85.38,85
85.39,89
85.4,73
85.41,74
85.42,83
85.43,72
85.44,86
85.45,99
85.46,76
85.47,76
85.48,92
85.49,91
85.5,71
85.51,91
85.52,72
85.53,99
85.54,80
85.55,97
85.56,88
85.57,79
85.58,77
85.59,83
85.6,98
85.61,86
85.62,95
85.63,91
85.64,83
85.65,89
85.66,99
85.67,88
85.68,79
85.69,97
85.7,73
85.71,78
85.72,85
85.73,82
85.74,96
85.75,83
85.76,99
85.77,83
85.78,71
85.79,89
85.8,89
85.81,98
85.82,93
85.83,97
85.84,88
85.85,86
85.86,85
85.87,88
85.88,89
85.89,85
85.9,85
85.91,96
85.92,96
85.93,111
85.94,93
85.95,104
85.96,87
85.97,94
85.98,74
85.99,99
86,73
86.01,93
86.02,86
86.03,83
86.04,106
86.05,79
86.06,93
86.07,91
86.08,86
86.09,89
86.1,75
86.11,94
86.12,93
86.13,94
86.14,87
86.15,92
86.16,101
86.17,100
86.18,93
86.19,86
86.2,124
86.21,91
86.22,90
86.23,82
86.24,95
86.25,93
86.26,86
86.27,110
86.28,95
86.29,114
86.3,103
86.31,92
86.32,108
86.33,117
86.34,99
86.35,111
86.36,89
86.37,89
86.38,99
86.39,102
86.4,102
86.41,94
86.42,104
86.43,105
86.44,111
86.45,98
86.46,72
86.47,110
86.48,130
86.49,93
86.5,93
86.51,105
86.52,82
86.53,119
86.54,85
86.55,94
86.56,106
86.57,93
86.58,101
86.59,96
86.6,110
86.61,105
86.62,109
86.63,98
86.64,101
86.65,94
86.66,116
86.67,95
86.68,100
86.69,108
86.7,97
86.71,101
86.72,98
86.73,114
86.74,110
86.75,102
86.76,113
86.77,106
86.78,121
86.79,105
86.8,113
86.81,108
86.82,125
86.83,107
86.84,103
86.85,113
86.86,90
86.87,102
86.88,120
86.89,106
86.9,99
86.91,124
86.92,114
86.93,109
86.94,112
86.95,99
86.96,126
86.97,107
86.98,117
86.99,111
87,125
87.01,113
87.02,105
87.03,139
87.04,119
87.05,116
87.06,102
87.07,127
87.08,117
87.09,124
87.1,139
87.11,109
87.12,133
87.13,112
87.14,119
87.15,108
87.16,115
87.17,112
87.18,113
87.19,117
87.2,131
87.21,130
87.22,135
87.23,115
87.24,114
87.25,142
87.26,121
87.27,134
87.28,118
87.29,118
87.3,122
87.31,136
87.32,117
87.33,122
87.34,136
87.35,109
87.36,105
87.37,117
87.38,108
87.39,139
87.4,137
87.41,141
87.42,138
87.43,142
87.44,124
87.45,140
87.46,127
87.47,158
87.48,128
87.49,150
87.5,133
87.51,135
87.52,132
87.53,155
87.54,131
87.55,141
87.56,150
87.57,153
87.58,148
87.59,148
87.6,117
87.61,147
87.62,127
87.63,143
87.64,133
87.65,133
87.66,146
87.67,134
87.68,150
87.69,130
87.7,144
87.71,147
87.72,152
87.73,156
87.74,138
87.75,142
87.76,172
87.77,157
87.78,148
87.79,158
87.8,150
87.81,169
87.82,164
87.83,167
87.84,173
87.85,133
87.86,145
87.87,140
87.88,196
87.89,164
87.9,150
87.91,149
87.92,189
87.93,148
87.94,174
87.95,151
87.96,158
87.97,179
87.98,157
87.99,159
88,180
88.01,167
88.02,154
88.03,158
88.04,182
88.05,166
88.06,173
88.07,160
88.08,176
88.09,154
88.1,168
88.11,185
88.12,183
88.13,177
88.14,173
88.15,167
88.16,164
88.17,163
88.18,190
88.19,186
88.2,188
88.21,194
88.22,179
88.23,179
88.24,167
88.25,181
88.26,193
88.27,199
88.28,203
88.29,180
88.3,177
88.31,173
88.32,196
88.33,189
88.34,186
88.35,180
88.36,205
88.37,189
88.38,214
88.39,174
88.4,194
88.41,212
88.42,202
88.43,224
88.44,202
88.45,234
88.46,213
88.47,218
88.48,240
88.49,204
88.5,196
88.51,232
88.52,215
88.53,218
88.54,217
88.55,203
88.56,228
88.57,228
88.58,220
88.59,221
88.6,223
88.61,212
88.62,233
88.63,242
88.64,263
88.65,279
88.66,235
88.67,256
88.68,285
88.69,250
88.7,223
88.71,294
88.72,237
88.73,256
88.74,260
88.75,305
88.76,285
88.77,325
88.78,297
88.79,336
88.8,358
88.81,357
88.82,344
88.83,367
88.84,374
88.85,459
88.86,416
88.87,473
88.88,498
88.89,590
88.9,651
88.91,697
88.92,773
88.93,930
88.94,1036
88.95,1184
88.96,1418
88.97,1380
88.98,1472
88.99,1526
89,1577
89.01,1575
89.02,1502
89.03,1381
89.04,1396
89.05,1252
89.06,1180
89.07,998
89.08,898
89.09,758
89.1,734
89.11,666
89.12,610
89.13,567
89.14,520
89.15,515
89.16,424
89.17,435
89.18,445
89.19,390
89.2,398
89.21,343
89.22,385
89.23,318
89.24,358
89.25,354
89.26,351
89.27,395
89.28,330
89.29,339
89.3,346
89.31,336
89.32,341
89.33,337
89.34,359
89.35,324
89.36,301
89.37,361
89.38,350
89.39,343
89.4,313
89.41,337
89.42,330
89.43,350
89.44,345
89.45,375
89.46,367
89.47,344
89.48,356
89.49,347
89.5,366
89.51,382
89.52,369
89.53,383
89.54,347
89.55,402
89.56,385
89.57,371
89.58,353
89.59,334
89.6,372
89.61,413
89.62,393
89.63,381
89.64,420
89.65,408
89.66,412
89.67,428
89.68,416
89.69,421
89.7,441
89.71,441
89.72,429
89.73,451
89.74,497
89.75,456
89.76,477
89.77,522
89.78,555
89.79,593
89.8,613
89.81,652
89.82,685
89.83,679
89.84,675
89.85,685
89.86,689
89.87,679
89.88,626
89.89,675
89.9,674
89.91,643
89.92,623
89.93,561
89.94,597
89.95,534
89.96,540
89.97,510
89.98,535
89.99,518
90,599
