    2Theta, SL-TH 61,
        25,       176,
     25.01,       164,
     25.02,       203,
     25.03,       178,
     25.04,       179,
     25.05,       186,
     25.06,       191,
     25.07,       183,
     25.08,       164,
     25.09,       159,
      25.1,       144,
     25.11,       158,
     25.12,       167,
     25.13,       164,
     25.14,       186,
     25.15,       199,
     25.16,       169,
     25.17,       188,
     25.18,       160,
     25.19,       184,
      25.2,       169,
     25.21,       189,
     25.22,       189,
     25.23,       205,
     25.24,       194,
     25.25,       216,
     25.26,       210,
     25.27,       208,
     25.28,       182,
     25.29,       200,
      25.3,       225,
     25.31,       206,
     25.32,       251,
     25.33,       216,
     25.34,       205,
     25.35,       197,
     25.36,       213,
     25.37,       195,
     25.38,       205,
     25.39,       214,
      25.4,       217,
     25.41,       184,
     25.42,       216,
     25.43,       209,
     25.44,       237,
     25.45,       243,
     25.46,       222,
     25.47,       264,
     25.48,       262,
     25.49,       242,
      25.5,       261,
     25.51,       274,
     25.52,       280,
     25.53,       275,
     25.54,       300,
     25.55,       338,
     25.56,       287,
     25.57,       292,
     25.58,       319,
     25.59,       328,
      25.6,       332,
     25.61,       296,
     25.62,       309,
     25.63,       289,
     25.64,       300,
     25.65,       308,
     25.66,       328,
     25.67,       305,
     25.68,       288,
     25.69,       311,
      25.7,       297,
     25.71,       297,
     25.72,       311,
     25.73,       286,
     25.74,       279,
     25.75,       308,
     25.76,       284,
     25.77,       296,
     25.78,       287,
     25.79,       294,
      25.8,       286,
     25.81,       291,
     25.82,       292,
     25.83,       303,
     25.84,       339,
     25.85,       329,
     25.86,       330,
     25.87,       365,
     25.88,       360,
     25.89,       422,
      25.9,       430,
     25.91,       457,
     25.92,       488,
     25.93,       526,
     25.94,       555,
     25.95,       560,
     25.96,       621,
     25.97,       621,
     25.98,       695,
     25.99,       706,
        26,       708,
     26.01,       693,
     26.02,       665,
     26.03,       654,
     26.04,       602,
     26.05,       610,
     26.06,       573,
     26.07,       539,
     26.08,       501,
     26.09,       471,
      26.1,       520,
     26.11,       471,
     26.12,       431,
     26.13,       455,
     26.14,       460,
     26.15,       459,
     26.16,       478,
     26.17,       490,
     26.18,       472,
     26.19,       488,
      26.2,       544,
     26.21,       545,
     26.22,       581,
     26.23,       600,
     26.24,       606,
     26.25,       616,
     26.26,       652,
     26.27,       637,
     26.28,       639,
     26.29,       658,
      26.3,       614,
     26.31,       640,
     26.32,       575,
     26.33,       556,
     26.34,       584,
     26.35,       518,
     26.36,       518,
     26.37,       475,
     26.38,       455,
     26.39,       456,
      26.4,       426,
     26.41,       410,
     26.42,       390,
     26.43,       398,
     26.44,       383,
     26.45,       383,
     26.46,       435,
     26.47,       464,
     26.48,       468,
     26.49,       473,
      26.5,       518,
     26.51,       528,
     26.52,       559,
     26.53,       543,
     26.54,       573,
     26.55,       587,
     26.56,       594,
     26.57,       544,
     26.58,       603,
     26.59,       558,
      26.6,       543,
     26.61,       565,
     26.62,       519,
     26.63,       510,
     26.64,       513,
     26.65,       482,
     26.66,       464,
     26.67,       419,
     26.68,       463,
     26.69,       392,
      26.7,       434,
     26.71,       478,
     26.72,       426,
     26.73,       445,
     26.74,       442,
     26.75,       443,
     26.76,       471,
     26.77,       504,
     26.78,       518,
     26.79,       584,
      26.8,       578,
     26.81,       628,
     26.82,       628,
     26.83,       723,
     26.84,       753,
     26.85,       733,
     26.86,       726,
     26.87,       787,
     26.88,       757,
     26.89,       814,
      26.9,       816,
     26.91,       794,
     26.92,       742,
     26.93,       768,
     26.94,       654,
     26.95,       625,
     26.96,       612,
     26.97,       600,
     26.98,       595,
     26.99,       551,
        27,       594,
     27.01,       552,
     27.02,       553,
     27.03,       562,
     27.04,       513,
     27.05,       533,
     27.06,       604,
     27.07,       667,
     27.08,       733,
     27.09,       756,
      27.1,       846,
     27.11,       931,
     27.12,      1068,
     27.13,      1120,
     27.14,      1290,
     27.15,      1373,
     27.16,      1470,
     27.17,      1550,
     27.18,      1607,
     27.19,      1721,
      27.2,      1763,
     27.21,      1738,
     27.22,      1785,
     27.23,      1701,
     27.24,      1739,
     27.25,      1648,
     27.26,      1542,
     27.27,      1406,
     27.28,      1331,
     27.29,      1227,
      27.3,      1250,
     27.31,      1125,
     27.32,      1030,
     27.33,      1048,
     27.34,       951,
     27.35,       943,
     27.36,       868,
     27.37,       923,
     27.38,       872,
     27.39,       934,
      27.4,       886,
     27.41,       873,
     27.42,      1010,
     27.43,      1060,
     27.44,      1123,
     27.45,      1152,
     27.46,      1183,
     27.47,      1266,
     27.48,      1254,
     27.49,      1301,
      27.5,      1337,
     27.51,      1396,
     27.52,      1474,
     27.53,      1467,
     27.54,      1643,
     27.55,      1602,
     27.56,      1560,
     27.57,      1569,
     27.58,      1630,
     27.59,      1578,
      27.6,      1579,
     27.61,      1584,
     27.62,      1485,
     27.63,      1459,
     27.64,      1477,
     27.65,      1483,
     27.66,      1503,
     27.67,      1555,
     27.68,      1548,
     27.69,      1786,
      27.7,      1820,
     27.71,      1906,
     27.72,      2174,
     27.73,      2465,
     27.74,      2920,
     27.75,      3251,
     27.76,      3985,
     27.77,      4487,
     27.78,      5286,
     27.79,      6071,
      27.8,      6524,
     27.81,      7148,
     27.82,      7664,
     27.83,      8331,
     27.84,      8659,
     27.85,      9173,
     27.86,      9224,
     27.87,      9329,
     27.88,      9304,
     27.89,      8929,
      27.9,      8592,
     27.91,      8218,
     27.92,      7668,
     27.93,      7181,
     27.94,      6340,
     27.95,      5912,
     27.96,      5355,
     27.97,      4991,
     27.98,      4547,
     27.99,      4043,
        28,      3907,
     28.01,      3544,
     28.02,      3476,
     28.03,      3273,
     28.04,      3357,
     28.05,      3283,
     28.06,      3469,
     28.07,      3664,
     28.08,      4061,
     28.09,      4444,
      28.1,      4731,
     28.11,      5067,
     28.12,      5392,
     28.13,      5903,
     28.14,      6218,
     28.15,      6849,
     28.16,      7010,
     28.17,      7257,
     28.18,      7666,
     28.19,      7845,
      28.2,      7812,
     28.21,      7856,
     28.22,      7756,
     28.23,      7620,
     28.24,      7545,
     28.25,      7227,
     28.26,      7017,
     28.27,      6908,
     28.28,      6832,
     28.29,      6925,
      28.3,      6959,
     28.31,      6984,
     28.32,      7257,
     28.33,      7668,
     28.34,      8066,
     28.35,      8757,
     28.36,     10040,
     28.37,     11644,
     28.38,     13862,
     28.39,     16423,
      28.4,     20301,
     28.41,     24623,
     28.42,     29407,
     28.43,     35295,
     28.44,     40947,
     28.45,     46412,
     28.46,     52029,
     28.47,     56985,
     28.48,     62126,
     28.49,     66363,
      28.5,     69373,
     28.51,     71950,
     28.52,     73149,
     28.53,     73568,
     28.54,     72995,
     28.55,     70460,
     28.56,     67643,
     28.57,     63490,
     28.58,     59458,
     28.59,     54511,
      28.6,     49850,
     28.61,     46816,
     28.62,     43083,
     28.63,     40201,
     28.64,     37743,
     28.65,     35823,
     28.66,     35291,
     28.67,     34993,
     28.68,     37041,
     28.69,     40839,
      28.7,     46229,
     28.71,     54281,
     28.72,     65909,
     28.73,     79618,
     28.74,     96189,
     28.75,    124534,
     28.76,    147050,
     28.77,    170714,
     28.78,    195968,
     28.79,    221689,
      28.8,    247639,
     28.81,    269178,
     28.82,    285838,
     28.83,    299957,
     28.84,    310284,
     28.85,    313166,
     28.86,    310599,
     28.87,    305227,
     28.88,    295520,
     28.89,    283101,
      28.9,    260355,
     28.91,    236768,
     28.92,    214217,
     28.93,    191106,
     28.94,    168411,
     28.95,    150178,
     28.96,    129948,
     28.97,    111809,
     28.98,     97903,
     28.99,     83861,
        29,     70952,
     29.01,     63341,
     29.02,     58575,
     29.03,     57086,
     29.04,     58050,
     29.05,     62458,
     29.06,     69104,
     29.07,     77785,
     29.08,     87998,
     29.09,    106990,
      29.1,    121431,
     29.11,    133909,
     29.12,    147739,
     29.13,    165274,
     29.14,    177336,
     29.15,    187961,
     29.16,    194217,
     29.17,    204000,
     29.18,    204315,
     29.19,    203167,
      29.2,    203252,
     29.21,    194735,
     29.22,    186813,
     29.23,    170247,
     29.24,    155729,
     29.25,    143608,
     29.26,    126693,
     29.27,    112209,
     29.28,     99212,
     29.29,     85578,
      29.3,     75565,
     29.31,     65466,
     29.32,     55243,
     29.33,     47315,
     29.34,     39946,
     29.35,     34284,
     29.36,     30015,
     29.37,     26714,
     29.38,     24107,
     29.39,     22075,
      29.4,     20277,
     29.41,     19353,
     29.42,     18283,
     29.43,     17695,
     29.44,     16866,
     29.45,     16709,
     29.46,     15973,
     29.47,     15830,
     29.48,     15459,
     29.49,     15324,
      29.5,     14917,
     29.51,     14484,
     29.52,     14424,
     29.53,     14088,
     29.54,     13844,
     29.55,     13824,
     29.56,     13641,
     29.57,     13526,
     29.58,     13303,
     29.59,     13149,
      29.6,     13516,
     29.61,     13415,
     29.62,     13455,
     29.63,     13764,
     29.64,     14491,
     29.65,     15223,
     29.66,     16268,
     29.67,     17988,
     29.68,     20025,
     29.69,     22895,
      29.7,     26913,
     29.71,     31757,
     29.72,     37814,
     29.73,     44841,
     29.74,     52856,
     29.75,     60814,
     29.76,     69477,
     29.77,     78111,
     29.78,     86370,
     29.79,     94127,
      29.8,    106437,
     29.81,    114266,
     29.82,    118431,
     29.83,    121856,
     29.84,    124194,
     29.85,    122086,
     29.86,    121703,
     29.87,    117045,
     29.88,    113756,
     29.89,    105400,
      29.9,     97784,
     29.91,     89692,
     29.92,   81472.5,
     29.93,     71990,
     29.94,     64861,
     29.95,     58029,
     29.96,     52025,
     29.97,     45991,
     29.98,     41860,
     29.99,     38064,
        30,     35136,
     30.01,     33790,
     30.02,     33954,
     30.03,     35474,
     30.04,     37808,
     30.05,     42214,
     30.06,     47650,
     30.07,     53661,
     30.08,     60223,
     30.09,     67098,
      30.1,     73622,
     30.11,     80536,
     30.12,     86425,
     30.13,     92063,
     30.14,     97126,
     30.15,    105239,
     30.16,    108137,
     30.17,    106437,
     30.18,    106378,
     30.19,    103471,
      30.2,    100547,
     30.21,     95982,
     30.22,     90729,
     30.23,     81209,
     30.24,     73232,
     30.25,     66217,
     30.26,     59133,
     30.27,     52509,
     30.28,     46085,
     30.29,     40021,
      30.3,     34751,
     30.31,     30242,
     30.32,     25773,
     30.33,     22038,
     30.34,     18999,
     30.35,     16743,
     30.36,     15336,
     30.37,     14539,
     30.38,     14325,
     30.39,     14293,
      30.4,     14685,
     30.41,     15278,
     30.42,     15827,
     30.43,     16776,
     30.44,     17768,
     30.45,     18782,
     30.46,     19300,
     30.47,     20048,
     30.48,     20480,
     30.49,     20674,
      30.5,     20749,
     30.51,     20378,
     30.52,     19852,
     30.53,     19078,
     30.54,     18215,
     30.55,     16902,
     30.56,     15548,
     30.57,     14137,
     30.58,     12957,
     30.59,     11582,
      30.6,     10476,
     30.61,      9184,
     30.62,      8066,
     30.63,      7071,
     30.64,      5982,
     30.65,      5240,
     30.66,      4603,
     30.67,      4034,
     30.68,      3494,
     30.69,      3152,
      30.7,      2907,
     30.71,      2744,
     30.72,      2475,
     30.73,      2355,
     30.74,      2232,
     30.75,      2173,
     30.76,      2103,
     30.77,      2101,
     30.78,      2022,
     30.79,      2062,
      30.8,      2001,
     30.81,      1934,
     30.82,      1931,
     30.83,      1902,
     30.84,      1858,
     30.85,      1775,
     30.86,      1744,
     30.87,      1650,
     30.88,      1595,
     30.89,      1558,
      30.9,      1434,
     30.91,      1409,
     30.92,      1296,
     30.93,      1213,
     30.94,      1177,
     30.95,      1079,
     30.96,      1015,
     30.97,       982,
     30.98,       936,
     30.99,       936,
        31,       896,
     31.01,       798,
     31.02,       793,
     31.03,       768,
     31.04,       780,
     31.05,       741,
     31.06,       708,
     31.07,       744,
     31.08,       694,
     31.09,       747,
      31.1,       677,
     31.11,       723,
     31.12,       716,
     31.13,       703,
     31.14,       721,
     31.15,       712,
     31.16,       699,
     31.17,       691,
     31.18,       680,
     31.19,       645,
      31.2,       617,
     31.21,       651,
     31.22,       616,
     31.23,       576,
     31.24,       574,
     31.25,       538,
     31.26,       527,
     31.27,       524,
     31.28,       516,
     31.29,       491,
      31.3,       487,
     31.31,       460,
     31.32,       504,
     31.33,       427,
     31.34,       428,
     31.35,       447,
     31.36,       450,
     31.37,       416,
     31.38,       456,
     31.39,       422,
      31.4,       424,
     31.41,       444,
     31.42,       438,
     31.43,       380,
     31.44,       415,
     31.45,       420,
     31.46,       403,
     31.47,       388,
     31.48,       395,
     31.49,       386,
      31.5,       442,
     31.51,       373,
     31.52,       334,
     31.53,       363,
     31.54,       393,
     31.55,       398,
     31.56,       380,
     31.57,       361,
     31.58,       329,
     31.59,       375,
      31.6,       343,
     31.61,       352,
     31.62,       325,
     31.63,       312,
     31.64,       321,
     31.65,       311,
     31.66,       339,
     31.67,       328,
     31.68,       347,
     31.69,       327,
      31.7,       303,
     31.71,       316,
     31.72,       325,
     31.73,       338,
     31.74,       333,
     31.75,       347,
     31.76,       367,
     31.77,       341,
     31.78,       351,
     31.79,       351,
      31.8,       379,
     31.81,       347,
     31.82,       340,
     31.83,       363,
     31.84,       321,
     31.85,       352,
     31.86,       328,
     31.87,       348,
     31.88,       304,
     31.89,       331,
      31.9,       353,
     31.91,       321,
     31.92,       321,
     31.93,       312,
     31.94,       329,
     31.95,       284,
     31.96,       282,
     31.97,       258,
     31.98,       264,
     31.99,       296,
        32,       253,
     32.01,       275,
     32.02,       269,
     32.03,       271,
     32.04,       277,
     32.05,       272,
     32.06,       247,
     32.07,       292,
     32.08,       278,
     32.09,       249,
      32.1,       250,
     32.11,       281,
     32.12,       274,
     32.13,       266,
     32.14,       256,
     32.15,       236,
     32.16,       258,
     32.17,       268,
     32.18,       270,
     32.19,       262,
      32.2,       272,
     32.21,       247,
     32.22,       243,
     32.23,       292,
     32.24,       245,
     32.25,       228,
     32.26,       206,
     32.27,       229,
     32.28,       257,
     32.29,       238,
      32.3,       249,
     32.31,       264,
     32.32,       256,
     32.33,       262,
     32.34,       220,
     32.35,       258,
     32.36,       229,
     32.37,       260,
     32.38,       245,
     32.39,       257,
      32.4,       238,
     32.41,       241,
     32.42,       248,
     32.43,       260,
     32.44,       233,
     32.45,       240,
     32.46,       253,
     32.47,       232,
     32.48,       237,
     32.49,       260,
      32.5,       245,
     32.51,       255,
     32.52,       261,
     32.53,       262,
     32.54,       210,
     32.55,       195,
     32.56,       227,
     32.57,       255,
     32.58,       249,
     32.59,       243,
      32.6,       221,
     32.61,       231,
     32.62,       224,
     32.63,       213,
     32.64,       216,
     32.65,       201,
     32.66,       206,
     32.67,       200,
     32.68,       209,
     32.69,       247,
      32.7,       208,
     32.71,       187,
     32.72,       221,
     32.73,       231,
     32.74,       220,
     32.75,       224,
     32.76,       234,
     32.77,       213,
     32.78,       201,
     32.79,       204,
      32.8,       207,
     32.81,       227,
     32.82,       218,
     32.83,       199,
     32.84,       214,
     32.85,       230,
     32.86,       224,
     32.87,       209,
     32.88,       203,
     32.89,       210,
      32.9,       194,
     32.91,       214,
     32.92,       225,
     32.93,       212,
     32.94,       199,
     32.95,       239,
     32.96,       189,
     32.97,       199,
     32.98,       195,
     32.99,       184,
        33,       219,
