25,4.5468e+05
25.01,1.1734e+05
25.02,84970
25.03,1.7005e+05
25.04,5.7558e+05
25.05,4.6006e+06
25.06,42625
25.07,37909
25.08,44598
25.09,42184
25.1,34553
25.11,25268
25.12,16007
25.13,7411.7
25.14,1150.4
25.15,18979
25.16,5.8781e+05
25.17,18402
25.18,8338.9
25.19,18171
25.2,34452
25.21,48380
25.22,2.6239e+05
25.23,80955
25.24,51630
25.25,33747
25.26,31121
25.27,50169
25.28,87793
25.29,1.3042e+05
25.3,1.5884e+05
25.31,1.5453e+05
25.32,98298
25.33,6.5614e+06
25.34,2.3899e+05
25.35,93146
25.36,33096
25.37,31536
25.38,1.6555e+05
25.39,2.108e+06
25.4,1.2706e+06
25.41,90523
25.42,15277
25.43,3761.5
25.44,913.2
25.45,415.64
25.46,2637.3
25.47,6755
25.48,9823
25.49,8804.3
25.5,5416.9
25.51,14578
25.52,4917.1
25.53,5181.1
25.54,8869.4
25.55,12564
25.56,15095
25.57,11169
25.58,9657.1
25.59,11895
25.6,15642
25.61,17846
25.62,15401
25.63,10956
25.64,23508
25.65,1.1742e+05
25.66,5.6252e+05
25.67,4.6632e+06
25.68,1.188e+07
25.69,4.0609e+05
25.7,41197
25.71,83118
25.72,1.5339e+05
25.73,1.5165e+05
25.74,7.4848e+06
25.75,9.0055e+05
25.76,3.9405e+05
25.77,2.0182e+05
25.78,1.0132e+05
25.79,60001
25.8,52106
25.81,53505
25.82,50926
25.83,45880
25.84,53310
25.85,4.2208e+05
25.86,47922
25.87,70651
25.88,77802
25.89,65758
25.9,40148
25.91,82024
25.92,1.9636e+05
25.93,46530
25.94,41226
25.95,57018
25.96,76675
25.97,89792
25.98,88703
25.99,68931
26,36451
26.01,84612
26.02,8.2817e+06
26.03,1.5357e+06
26.04,3.7521e+05
26.05,1.7865e+05
26.06,1.5084e+05
26.07,2.2816e+05
26.08,6.2267e+05
26.09,4.2938e+06
26.1,26037
26.11,29380
26.12,38931
26.13,43486
26.14,45161
26.15,42551
26.16,34285
26.17,23226
26.18,17169
26.19,34460
26.2,26989
26.21,39028
26.22,47727
26.23,42128
26.24,26557
26.25,14316
26.26,32392
26.27,39136
26.28,66502
26.29,79368
26.3,64464
26.31,32244
26.32,24218
26.33,1.0868e+05
26.34,3.7516e+05
26.35,9.8696e+05
26.36,2.9577e+06
26.37,2.6644e+07
26.38,1.2682e+05
26.39,4.3636e+05
26.4,4.9071e+05
26.41,4.2288e+05
26.42,6.6718e+05
26.43,6.4999e+06
26.44,8.5397e+06
26.45,4.9171e+05
26.46,1.1677e+05
26.47,1.6277e+05
26.48,2.1406e+05
26.49,1.9215e+05
26.5,1.2389e+05
26.51,68594
26.52,61740
26.53,89078
26.54,4.2206e+05
26.55,2.2998e+05
26.56,1.2489e+05
26.57,57887
26.58,34508
26.59,62328
26.6,1.1992e+05
26.61,2.8552e+05
26.62,1.0805e+05
26.63,75957
26.64,53650
26.65,66451
26.66,1.0195e+05
26.67,1.2135e+05
26.68,1.0364e+05
26.69,1.1431e+05
26.7,5.2923e+05
26.71,7.3213e+06
26.72,7.9437e+06
26.73,5.5913e+05
26.74,1.5582e+05
26.75,1.3023e+05
26.76,1.0936e+05
26.77,1.1187e+05
26.78,5.9387e+06
26.79,1.8047e+06
26.8,4.0439e+05
26.81,1.6597e+05
26.82,89130
26.83,56395
26.84,39927
26.85,39013
26.86,55289
26.87,79121
26.88,90354
26.89,1.6473e+05
26.9,58984
26.91,25367
26.92,23041
26.93,61084
26.94,1.2043e+05
26.95,1.6211e+05
26.96,1.8085e+05
26.97,1.0027e+05
26.98,36292
26.99,41018
27,1.6619e+05
27.01,4.0124e+05
27.02,6.5108e+05
27.03,7.516e+05
27.04,5.2487e+05
27.05,52699
27.06,5.6593e+07
27.07,9.387e+06
27.08,2.7911e+06
27.09,1.2052e+06
27.1,7.0824e+05
27.11,6.9285e+05
27.12,7.0884e+05
27.13,3.0677e+07
27.14,1.9262e+06
27.15,1.1527e+06
27.16,5.7964e+05
27.17,1.9597e+05
27.18,68951
27.19,1.4003e+05
27.2,2.5744e+05
27.21,2.8859e+05
27.22,2.1777e+05
27.23,2.9215e+05
27.24,2.8689e+05
27.25,1.2966e+05
27.26,2.3573e+05
27.27,2.8712e+05
27.28,2.2323e+05
27.29,1.0544e+05
27.3,1.757e+05
27.31,1.8354e+05
27.32,2.617e+05
27.33,3.6771e+05
27.34,3.2556e+05
27.35,1.5872e+05
27.36,41457
27.37,1.8957e+05
27.38,7.2326e+05
27.39,1.6607e+06
27.4,3.6331e+06
27.41,2.673e+07
27.42,2.948e+05
27.43,4.0561e+05
27.44,3.5951e+05
27.45,4.7974e+05
27.46,9.4063e+05
27.47,2.4878e+06
27.48,1.284e+07
27.49,77612
27.5,1.7535e+05
27.51,1.6617e+05
27.52,1.36e+05
27.53,1.2014e+05
27.54,1.0693e+05
27.55,78941
27.56,41101
27.57,18320
27.58,49148
27.59,1.1523e+05
27.6,1.6053e+05
27.61,1.791e+05
27.62,1.4305e+05
27.63,69584
27.64,11726
27.65,40291
27.66,1.748e+05
27.67,3.7229e+05
27.68,5.4438e+05
27.69,5.6077e+05
27.7,3.6124e+05
27.71,72663
27.72,1.6053e+05
27.73,1.805e+06
27.74,9.2483e+06
27.75,7.4261e+07
27.76,1.3722e+08
27.77,4.183e+06
27.78,90068
27.79,5.7274e+05
27.8,1.9634e+06
27.81,5.6115e+06
27.82,3.2707e+07
27.83,7.4049e+07
27.84,1.4857e+06
27.85,1.7363e+05
27.86,6.4712e+05
27.87,8.876e+05
27.88,6.913e+05
27.89,3.1764e+05
27.9,1.0153e+05
27.91,1.7372e+05
27.92,3.8885e+05
27.93,1.2035e+06
27.94,3.6803e+05
27.95,1.3775e+05
27.96,61756
27.97,2.6734e+05
27.98,6.1072e+05
27.99,7.8671e+05
28,9.1807e+05
28.01,2.1914e+05
28.02,24506
28.03,3.3952e+05
28.04,1.0806e+06
28.05,1.743e+06
28.06,1.748e+06
28.07,9.4403e+05
28.08,35280
28.09,2.0432e+06
28.1,8.2235e+07
28.11,3.1406e+07
28.12,3.532e+06
28.13,7.4846e+05
28.14,87215
28.15,1.7253e+05
28.16,2.3726e+06
28.17,3.2012e+07
28.18,2.4156e+07
28.19,1.1165e+06
28.2,58007
28.21,27223
28.22,54239
28.23,68940
28.24,86017
28.25,87556
28.26,57833
28.27,23020
28.28,1.3655e+05
28.29,91366
28.3,1.2687e+05
28.31,1.2559e+05
28.32,1.3082e+05
28.33,2.4229e+05
28.34,4.8635e+05
28.35,7.1689e+05
28.36,6.4967e+05
28.37,2.8557e+05
28.38,1.1077e+05
28.39,1.1615e+06
28.4,4.4184e+06
28.41,9.7377e+06
28.42,1.4773e+07
28.43,1.4371e+07
28.44,2.2974e+06
28.45,1.6556e+09
28.46,2.1723e+08
28.47,8.5014e+07
28.48,3.939e+07
28.49,1.361e+07
28.5,1.2099e+06
28.51,1.269e+07
28.52,6.2121e+08
28.53,3.3542e+08
28.54,5.3063e+07
28.55,1.2191e+07
28.56,9.6478e+05
28.57,1.4338e+06
28.58,6.0741e+06
28.59,9.1213e+06
28.6,7.8627e+06
28.61,3.6687e+06
28.62,3.3455e+05
28.63,2.01e+06
28.64,5.1166e+06
28.65,8.2011e+06
28.66,7.5172e+06
28.67,3.4787e+06
28.68,3.9607e+05
28.69,2.7814e+06
28.7,1.1165e+07
28.71,1.8459e+07
28.72,1.8485e+07
28.73,9.3272e+06
28.74,5.6846e+05
28.75,1.112e+07
28.76,6.0257e+07
28.77,1.5769e+08
28.78,3.049e+08
28.79,5.6075e+08
28.8,9.4167e+09
28.81,1.7607e+08
28.82,2.2305e+08
28.83,1.8438e+08
28.84,1.1458e+08
28.85,3.9658e+07
28.86,1.2925e+07
28.87,4.0287e+09
28.88,1.1324e+09
28.89,2.4699e+08
28.9,7.2455e+07
28.91,1.2575e+07
28.92,1.1942e+06
28.93,1.1143e+07
28.94,2.269e+07
28.95,2.4419e+07
28.96,1.5862e+07
28.97,4.9155e+06
28.98,5.3931e+05
28.99,5.433e+06
29,1.4573e+07
29.01,1.9358e+07
29.02,1.5215e+07
29.03,5.8747e+06
29.04,7.5577e+05
29.05,6.9278e+06
29.06,2.232e+07
29.07,3.539e+07
29.08,3.39e+07
29.09,1.6838e+07
29.1,1.7667e+06
29.11,2.3216e+07
29.12,1.2907e+08
29.13,4.1662e+08
29.14,1.6278e+09
29.15,7.0145e+09
29.16,4.157e+06
29.17,7.1276e+07
29.18,1.173e+08
29.19,1.1246e+08
29.2,6.8392e+07
29.21,5.403e+06
29.22,3.7047e+09
29.23,6.3698e+08
29.24,1.7524e+08
29.25,5.6262e+07
29.26,1.0965e+07
29.27,1.1038e+06
29.28,6.9785e+06
29.29,1.4065e+07
29.3,1.4934e+07
29.31,9.951e+06
29.32,3.4358e+06
29.33,2.9221e+06
29.34,4.9189e+06
29.35,8.5421e+06
29.36,1.0239e+07
29.37,8.7873e+06
29.38,5.7614e+06
29.39,3.8702e+06
29.4,5.3317e+06
29.41,8.1118e+06
29.42,1.123e+07
29.43,1.2184e+07
29.44,1.0281e+07
29.45,6.984e+06
29.46,5.6213e+06
29.47,1.108e+07
29.48,3.3698e+07
29.49,1.6861e+08
29.5,1.8296e+08
29.51,2.2643e+06
29.52,8.1076e+06
29.53,1.2263e+07
29.54,1.2702e+07
29.55,1.0385e+07
29.56,5.752e+06
29.57,1.5704e+08
29.58,2.2584e+07
29.59,7.8082e+06
29.6,3.6264e+06
29.61,3.4737e+06
29.62,5.3641e+06
29.63,7.0609e+06
29.64,7.0209e+06
29.65,5.4569e+06
29.66,4.0421e+06
29.67,5.3214e+06
29.68,5.7329e+06
29.69,7.2863e+06
29.7,7.0161e+06
29.71,5.0597e+06
29.72,3.2821e+06
29.73,3.5177e+06
29.74,5.7018e+06
29.75,7.411e+06
29.76,7.1164e+06
29.77,4.7133e+06
29.78,2.7531e+06
29.79,3.3944e+06
29.8,5.6926e+06
29.81,6.8634e+06
29.82,1.2602e+07
29.83,8.6606e+07
29.84,1.4424e+09
29.85,2.1318e+09
29.86,1.48e+08
29.87,1.5973e+07
29.88,1.4676e+07
29.89,3.867e+07
29.9,5.3521e+07
29.91,4.1782e+07
29.92,1.5751e+09
29.93,2.0969e+08
29.94,1.0295e+08
29.95,6.2415e+07
29.96,3.7956e+07
29.97,2.3081e+07
29.98,1.6358e+07
29.99,1.6309e+07
30,1.9685e+07
30.01,2.216e+07
30.02,2.6994e+07
30.03,1.6695e+07
30.04,1.2354e+07
30.05,1.1566e+07
30.06,1.4681e+07
30.07,1.8655e+07
30.08,1.9616e+07
30.09,1.6247e+07
30.1,1.2582e+07
30.11,1.047e+07
30.12,1.4501e+07
30.13,2.2051e+07
30.14,2.7223e+07
30.15,2.4753e+07
30.16,1.5247e+07
30.17,1.0751e+07
30.18,6.071e+07
30.19,1.0883e+09
30.2,6.4215e+08
30.21,4.5442e+07
30.22,1.2596e+07
30.23,1.8117e+07
30.24,2.4417e+07
30.25,2.1799e+07
30.26,7.9822e+06
30.27,7.7578e+08
30.28,7.6074e+07
30.29,2.2952e+07
30.3,7.5539e+06
30.31,2.4431e+06
30.32,1.8114e+06
30.33,2.405e+06
30.34,2.5561e+06
30.35,2.0334e+06
30.36,1.404e+06
30.37,1.2186e+06
30.38,1.377e+06
30.39,1.6432e+06
30.4,1.6138e+06
30.41,1.2933e+06
30.42,9.6919e+05
30.43,8.964e+05
30.44,1.0779e+06
30.45,1.1444e+06
30.46,1.0711e+06
30.47,8.5001e+05
30.48,7.2594e+05
30.49,8.713e+05
30.5,1.1451e+06
30.51,1.1475e+06
30.52,6.8649e+05
30.53,1.6186e+06
30.54,7.284e+07
30.55,4.6373e+07
30.56,5.5053e+06
30.57,8.8067e+05
30.58,5.8224e+05
30.59,1.3376e+06
30.6,1.7292e+06
30.61,1.0315e+06
30.62,4.9346e+07
30.63,9.3841e+06
30.64,3.0848e+06
30.65,1.2334e+06
30.66,5.5176e+05
30.67,3.938e+05
30.68,3.9347e+05
30.69,3.764e+05
30.7,3.3895e+05
30.71,3.7153e+05
30.72,2.279e+05
30.73,2.8735e+05
30.74,2.9303e+05
30.75,2.1285e+05
30.76,1.1706e+05
30.77,85439
30.78,1.4697e+05
30.79,3.0086e+05
30.8,2.4787e+05
30.81,1.6376e+05
30.82,1.0664e+05
30.83,82540
30.84,1.2518e+05
30.85,1.9797e+05
30.86,2.3338e+05
30.87,2.0174e+05
30.88,1.4697e+05
30.89,3.4657e+05
30.9,2.8332e+05
30.91,2.7982e+05
30.92,3.0847e+05
30.93,2.5792e+05
30.94,1.6168e+05
30.95,1.0715e+05
30.96,1.5391e+05
30.97,4.4154e+05
30.98,3.5747e+05
30.99,3.355e+05
31,2.4282e+05
31.01,1.5805e+05
31.02,1.6292e+05
31.03,2.5917e+05
31.04,3.675e+05
31.05,4.0231e+05
31.06,3.6047e+05
31.07,1.8377e+05
31.08,1.7316e+05
31.09,2.3345e+05
31.1,3.1305e+05
31.11,3.3887e+05
31.12,2.9023e+05
31.13,2.2412e+05
31.14,2.3308e+05
31.15,2.0037e+05
31.16,3.152e+05
31.17,3.4923e+05
31.18,2.9012e+05
31.19,1.9397e+05
31.2,1.4758e+05
31.21,1.9168e+05
31.22,2.8824e+05
31.23,3.7069e+05
31.24,6.2304e+05
31.25,1.489e+05
31.26,1.4892e+05
31.27,1.9274e+05
31.28,2.6063e+05
31.29,2.8788e+05
31.3,2.4494e+05
31.31,1.7937e+05
31.32,2.9775e+05
31.33,1.1576e+05
31.34,2.2283e+05
31.35,2.768e+05
31.36,2.3842e+05
31.37,1.4426e+05
31.38,83879
31.39,1.2186e+05
31.4,2.4295e+05
31.41,3.9029e+05
31.42,1.7002e+05
31.43,1.5395e+05
31.44,73713
31.45,36936
31.46,79232
31.47,1.5704e+05
31.48,2.0396e+05
31.49,2.0261e+05
31.5,41527
31.51,37543
31.52,60804
31.53,1.0364e+05
31.54,1.2514e+05
31.55,1.0083e+05
31.56,49973
31.57,19130
31.58,46429
31.59,2.423e+05
31.6,42720
31.61,73204
31.62,50566
31.63,18279
31.64,13247
31.65,43767
31.66,89427
31.67,1.6891e+05
31.68,31428
31.69,13562
31.7,5595.1
31.71,30026
31.72,72621
31.73,99929
31.74,89802
31.75,51164
31.76,15994
31.77,2.7331e+05
31.78,45349
31.79,70529
31.8,71929
31.81,47063
31.82,20998
31.83,20923
31.84,49842
31.85,2.3949e+05
31.86,82819
31.87,56549
31.88,20911
31.89,8146.8
31.9,31653
31.91,79081
31.92,1.3427e+05
31.93,2.4267e+05
31.94,1.8615e+06
31.95,1.8354e+06
31.96,3.6889e+05
31.97,1.8842e+05
31.98,1.0087e+05
31.99,55820
32,67729
32.01,1.5095e+05
32.02,5.8876e+05
32.03,1.5755e+06
32.04,2.3904e+05
32.05,75476
32.06,13913
32.07,49429
32.08,1.4518e+05
32.09,2.2134e+05
32.1,2.1489e+05
32.11,1.3125e+05
32.12,3.5224e+05
32.13,7602.4
32.14,48141
32.15,1.1105e+05
32.16,1.3232e+05
32.17,93568
32.18,35015
32.19,17179
32.2,2.9566e+05
32.21,73562
32.22,89019
32.23,63101
32.24,22177
32.25,11093
32.26,45025
32.27,96415
32.28,1.2655e+05
32.29,1.6996e+05
32.3,68487
32.31,18402
32.32,36562
32.33,69019
32.34,81617
32.35,61436
32.36,27834
32.37,13088
32.38,1.0132e+05
32.39,55058
32.4,62968
32.41,45470
32.42,16501
32.43,1235.6
32.44,10760
32.45,33054
32.46,47905
32.47,3.0182e+05
32.48,17609
32.49,7306.2
32.5,15952
32.51,33344
32.52,42658
32.53,35811
32.54,21917
32.55,68900
32.56,50670
32.57,29056
32.58,32883
32.59,27469
32.6,14901
32.61,7297.4
32.62,20966
32.63,1.0246e+05
32.64,8.4214e+05
32.65,3.5993e+06
32.66,1.0596e+05
32.67,4440.4
32.68,33328
32.69,83533
32.7,1.1224e+05
32.71,1.027e+05
32.72,66273
32.73,2.0428e+06
32.74,1.0082e+05
32.75,1.3037e+05
32.76,1.5638e+05
32.77,1.4112e+05
32.78,84676
32.79,23695
32.8,3240.1
32.81,48985
32.82,5.6547e+05
32.83,70444
32.84,50669
32.85,20383
32.86,6871.8
32.87,30936
32.88,77111
32.89,1.1299e+05
32.9,1.6454e+05
32.91,1.1605e+05
32.92,10884
32.93,25097
32.94,59315
32.95,78393
32.96,62552
32.97,26473
32.98,4316.5
32.99,14517
33,1.7288e+05
56,29847
56.01,49129
56.02,44272
56.03,18464
56.04,4490
56.05,16226
56.06,31007
56.07,25962
56.08,10283
56.09,6936.6
56.1,18085
56.11,25320
56.12,17137
56.13,5762.8
56.14,19993
56.15,76065
56.16,80074
56.17,9236.2
56.18,6.2542e+06
56.19,4.0709e+06
56.2,4.9074e+05
56.21,16488
56.22,92673
56.23,1.9355e+05
56.24,1.324e+05
56.25,25028
56.26,22495
56.27,86878
56.28,92301
56.29,37939
56.3,20467
56.31,49640
56.32,1.1915e+05
56.33,2.0356e+06
56.34,3.2426e+06
56.35,82694
56.36,81514
56.37,2.3818e+05
56.38,3.8465e+05
56.39,42253
56.4,44772
56.41,1.0758e+05
56.42,1.0143e+05
56.43,44455
56.44,27914
56.45,64767
56.46,90592
56.47,73314
56.48,45039
56.49,43564
56.5,81284
56.51,1.5043e+05
56.52,2.2041e+05
56.53,2.7748e+05
56.54,57854
56.55,9.8413e+05
56.56,1.3095e+07
56.57,2.0563e+07
56.58,2.8559e+05
56.59,1.3908e+05
56.6,3.435e+05
56.61,2.9108e+05
56.62,1.2899e+05
56.63,39285
56.64,63654
56.65,1.2844e+05
56.66,1.3777e+05
56.67,71277
56.68,36193
56.69,2.0608e+05
56.7,6.8408e+05
56.71,1.6032e+06
56.72,1.4298e+07
56.73,5.2325e+05
56.74,5.2845e+05
56.75,2.9491e+05
56.76,1.1998e+05
56.77,26751
56.78,69062
56.79,1.1945e+05
56.8,1.017e+05
56.81,45226
56.82,30245
56.83,71511
56.84,1.0265e+05
56.85,78356
56.86,38330
56.87,45816
56.88,1.004e+05
56.89,1.3783e+05
56.9,1.0236e+05
56.91,30776
56.92,1.633e+05
56.93,7.8449e+05
56.94,2.3675e+06
56.95,1.6798e+07
56.96,1.15e+06
56.97,9.9216e+05
56.98,3.4205e+05
56.99,20544
57,1.3958e+05
57.01,2.7619e+05
57.02,1.7646e+05
57.03,40513
57.04,85888
57.05,1.968e+05
57.06,1.94e+05
57.07,1.4635e+05
57.08,1.4927e+05
57.09,1.6192e+05
57.1,6.3642e+06
57.11,4.358e+06
57.12,2.6498e+05
57.13,1.5259e+05
57.14,6.0798e+05
57.15,2.6207e+05
57.16,55791
57.17,1.09e+05
57.18,2.3695e+05
57.19,1.705e+05
57.2,36304
57.21,92602
57.22,2.3282e+05
57.23,1.8714e+05
57.24,46724
57.25,1.0935e+05
57.26,2.9363e+05
57.27,2.4723e+05
57.28,69357
57.29,3.4878e+05
57.3,9.928e+05
57.31,8.8536e+05
57.32,90497
57.33,3.9774e+07
57.34,1.9247e+07
57.35,1.9094e+06
57.36,1.2141e+05
57.37,2.5656e+05
57.38,4.4659e+05
57.39,3.5672e+05
57.4,1.5421e+05
57.41,60306
57.42,1.5722e+05
57.43,2.9706e+05
57.44,2.4486e+05
57.45,56884
57.46,2.1925e+05
57.47,1.2588e+06
57.48,3.752e+06
57.49,2.423e+07
57.5,1.0286e+06
57.51,1.0086e+06
57.52,4.8009e+05
57.53,1.1486e+05
57.54,61799
57.55,1.5067e+05
57.56,1.9008e+05
57.57,1.3552e+05
57.58,68602
57.59,70789
57.6,1.2791e+05
57.61,1.6148e+05
57.62,1.3306e+05
57.63,86673
57.64,96234
57.65,1.9208e+05
57.66,3.0912e+05
57.67,2.9779e+05
57.68,1.2422e+05
57.69,3.0315e+05
57.7,2.1415e+06
57.71,1.0838e+07
57.72,3.9655e+07
57.73,5.6553e+05
57.74,1.2983e+06
57.75,7.009e+05
57.76,1.2649e+05
57.77,1.5921e+05
57.78,3.4729e+05
57.79,2.4929e+05
57.8,70685
57.81,1.3743e+05
57.82,3.2784e+05
57.83,3.6731e+05
57.84,2.6656e+05
57.85,1.7577e+05
57.86,6.1293e+05
57.87,1.3371e+07
57.88,1.3139e+07
57.89,3.2978e+05
57.9,3.9439e+05
57.91,1.0718e+06
57.92,2.0378e+05
57.93,1.1211e+05
57.94,4.0764e+05
57.95,4.6723e+05
57.96,1.3393e+05
57.97,47583
57.98,4.3409e+05
57.99,6.0649e+05
58,2.207e+05
58.01,22464
58.02,5.3607e+05
58.03,9.507e+05
58.04,4.6793e+05
58.05,17265
58.06,1.0417e+06
58.07,2.9792e+06
58.08,2.2403e+06
58.09,13857
58.1,9.15e+07
58.11,4.2942e+07
58.12,3.1351e+06
58.13,10615
58.14,6.3436e+05
58.15,9.0972e+05
58.16,4.5108e+05
58.17,34474
58.18,1.8561e+05
58.19,5.8017e+05
58.2,5.3941e+05
58.21,99626
58.22,1.8859e+05
58.23,1.3156e+06
58.24,2.342e+06
58.25,1.1588e+06
58.26,5.3052e+07
58.27,1.1678e+07
58.28,2.1918e+06
58.29,1.877e+05
58.3,91630
58.31,2.9002e+05
58.32,2.3221e+05
58.33,90646
58.34,54279
58.35,88380
58.36,1.0403e+05
58.37,1.0174e+05
58.38,1.0793e+05
58.39,98309
58.4,68032
58.41,1.1068e+05
58.42,2.8896e+05
58.43,4.1873e+05
58.44,2.3723e+05
58.45,1.0451e+05
58.46,1.4053e+06
58.47,5.7844e+06
58.48,1.4251e+07
58.49,1.4708e+08
58.5,8.6251e+06
58.51,6.5538e+06
58.52,2.3924e+06
58.53,2.5106e+05
58.54,4.0601e+05
58.55,8.8308e+05
58.56,5.9021e+05
58.57,1.8754e+05
58.58,3.3828e+05
58.59,5.9869e+05
58.6,4.0318e+05
58.61,1.4578e+05
58.62,8.248e+05
58.63,3.3308e+06
58.64,9.5545e+06
58.65,7.3013e+07
58.66,3.3225e+06
58.67,3.4151e+06
58.68,1.6069e+06
58.69,5.7609e+05
58.7,7.4724e+05
58.71,9.9161e+05
58.72,4.5212e+05
58.73,1.9886e+05
58.74,8.3403e+05
58.75,1.1501e+06
58.76,4.417e+05
58.77,1.366e+05
58.78,1.2227e+06
58.79,1.9776e+06
58.8,8.7893e+05
58.81,84852
58.82,2.3444e+06
58.83,5.2526e+06
58.84,3.6779e+06
58.85,2.4359e+05
58.86,1.5814e+07
58.87,1.882e+08
58.88,3.1233e+08
58.89,3.4056e+05
58.9,4.3642e+06
58.91,4.7482e+06
58.92,1.565e+06
58.93,1.2583e+05
58.94,9.0594e+05
58.95,1.334e+06
58.96,4.7832e+05
58.97,1.1672e+05
58.98,1.4133e+06
58.99,2.4707e+06
59,1.139e+06
59.01,2.4189e+05
59.02,9.8263e+06
59.03,7.2947e+07
59.04,1.7494e+08
59.05,3.0862e+05
59.06,3.3836e+06
59.07,2.3733e+06
59.08,5.1948e+05
59.09,12772
59.1,2.578e+05
59.11,2.9873e+05
59.12,1.0091e+05
59.13,18739
59.14,1.1623e+05
59.15,1.7932e+05
59.16,72978
59.17,45599
59.18,4.5179e+05
59.19,8.6327e+05
59.2,3.9192e+05
59.21,1.677e+05
59.22,3.5215e+06
59.23,9.3144e+06
59.24,7.0431e+06
59.25,2.7981e+06
59.26,7.5088e+08
59.27,5.8526e+08
59.28,3.3553e+07
59.29,8.424e+05
59.3,1.5437e+07
59.31,1.655e+07
59.32,4.8161e+06
59.33,2.3165e+05
59.34,5.5694e+06
59.35,7.5932e+06
59.36,2.5438e+06
59.37,6.5434e+05
59.38,5.7297e+06
59.39,7.6768e+06
59.4,1.8711e+06
59.41,1.1805e+07
59.42,2.3602e+08
59.43,4.4133e+08
59.44,2.25e+06
59.45,9.4625e+06
59.46,1.7995e+07
59.47,1.0735e+07
59.48,1.4367e+06
59.49,3.3792e+06
59.5,1.1043e+07
59.51,9.3242e+06
59.52,1.2723e+06
59.53,4.1023e+06
59.54,1.567e+07
59.55,1.429e+07
59.56,1.6032e+06
59.57,8.5477e+06
59.58,3.6134e+07
59.59,3.6687e+07
59.6,3.8421e+06
59.61,3.3224e+07
59.62,1.8868e+08
59.63,2.9987e+08
59.64,6.5873e+07
59.65,1.1048e+10
59.66,3.795e+09
59.67,5.3772e+08
59.68,1.4689e+07
59.69,5.7313e+07
59.7,1.1436e+08
59.71,5.6705e+07
59.72,4.3473e+06
59.73,2.64e+07
59.74,5.0085e+07
59.75,2.3417e+07
59.76,8.7417e+06
59.77,5.3717e+07
59.78,8.0039e+07
59.79,2.0456e+07
59.8,1.2583e+08
59.81,3.1487e+09
59.82,4.5133e+09
59.83,2.9303e+07
59.84,6.7205e+07
59.85,1.119e+08
59.86,6.0025e+07
59.87,8.8326e+06
59.88,1.2487e+07
59.89,3.7477e+07
59.9,3.3767e+07
59.91,8.6308e+06
59.92,7.2101e+06
59.93,3.3482e+07
59.94,3.969e+07
59.95,1.2011e+07
59.96,7.8986e+06
59.97,5.6278e+07
59.98,8.1325e+07
59.99,2.7052e+07
60,2.0134e+07
60.01,2.392e+08
60.02,5.4892e+08
60.03,3.799e+08
60.04,1.4096e+10
60.05,3.0931e+09
60.06,6.4431e+08
60.07,4.2532e+07
60.08,3.9978e+07
60.09,1.0453e+08
60.1,5.746e+07
60.11,7.7754e+06
60.12,3.0622e+07
60.13,5.0502e+07
60.14,1.965e+07
60.15,1.4183e+07
60.16,7.4025e+07
60.17,9.2207e+07
60.18,1.3905e+07
60.19,1.9104e+08
60.2,3.4893e+09
60.21,5.5778e+09
60.22,8.4413e+06
60.23,1.0302e+08
60.24,1.1521e+08
60.25,4.072e+07
60.26,4.232e+06
60.27,1.7151e+07
60.28,2.7431e+07
60.29,1.5918e+07
60.3,4.5229e+06
60.31,8.309e+06
60.32,1.6339e+07
60.33,1.4189e+07
60.34,5.7492e+06
60.35,6.1334e+06
60.36,1.7305e+07
60.37,2.1528e+07
60.38,9.5488e+06
60.39,6.6767e+06
60.4,4.4046e+07
60.41,9.6492e+07
60.42,7.1631e+07
60.43,1.7818e+09
60.44,3.3621e+08
60.45,5.8695e+07
60.46,3.9236e+06
60.47,9.3565e+06
60.48,1.0171e+07
60.49,2.0358e+06
60.5,2.9946e+06
60.51,9.1328e+06
60.52,6.2377e+06
60.53,3.9648e+05
60.54,6.4201e+06
60.55,1.6545e+07
60.56,1.0834e+07
60.57,6.6802e+05
60.58,4.4898e+07
60.59,3.4284e+08
60.6,7.6298e+08
60.61,5.8834e+06
60.62,1.9083e+07
60.63,8.4113e+06
60.64,7.051e+05
60.65,1.7636e+06
60.66,2.6862e+06
60.67,7.8709e+05
60.68,2.6163e+05
60.69,1.5179e+06
60.7,1.3635e+06
60.71,1.7485e+05
60.72,5.0451e+05
60.73,1.4109e+06
60.74,9.3984e+05
60.75,7.1568e+05
60.76,1.8358e+06
60.77,1.5626e+06
60.78,1.436e+06
60.79,1.0122e+07
60.8,2.4002e+07
60.81,1.1904e+07
60.82,9.5753e+08
60.83,3.1468e+08
60.84,5.6423e+07
60.85,2.5716e+06
60.86,5.5758e+06
60.87,1.2812e+07
60.88,7.1141e+06
60.89,5.5016e+05
60.9,2.0857e+06
60.91,4.8196e+06
60.92,2.8196e+06
60.93,8.9309e+05
60.94,2.3721e+06
60.95,2.7004e+06
60.96,3.2653e+06
60.97,1.8911e+07
60.98,6.6763e+07
60.99,5.3394e+08
61,3.7663e+07
61.01,2.8624e+07
61.02,9.351e+06
61.03,9.8109e+05
61.04,3.0123e+06
61.05,4.526e+06
61.06,2.5969e+06
61.07,9.0704e+05
61.08,1.2817e+06
61.09,2.2575e+06
61.1,2.3293e+06
61.11,1.3778e+06
61.12,8.1423e+05
61.13,2.2756e+06
61.14,4.2105e+06
61.15,3.0023e+06
61.16,7.7743e+05
61.17,5.3632e+06
61.18,1.5375e+07
61.19,1.4214e+07
61.2,1.0963e+06
61.21,4.9818e+08
61.22,2.2159e+08
61.23,1.2412e+07
61.24,1.6706e+06
61.25,2.1527e+06
61.26,9.5519e+05
61.27,1.8322e+06
61.28,2.5602e+06
61.29,7.8011e+05
61.3,5.3299e+05
61.31,3.5271e+06
61.32,4.4302e+06
61.33,1.5939e+06
61.34,2.2842e+06
61.35,1.0043e+07
61.36,1.5217e+07
61.37,6.2132e+06
61.38,2.8435e+08
61.39,7.2003e+07
61.4,1.1166e+07
61.41,3.2632e+06
61.42,4.7513e+06
61.43,5.199e+06
61.44,3.6779e+06
61.45,4.1056e+06
61.46,6.0924e+06
61.47,5.6738e+06
61.48,3.903e+06
61.49,5.3562e+06
61.5,8.0559e+06
61.51,6.4293e+06
61.52,3.7274e+06
61.53,6.8208e+06
61.54,1.0464e+07
61.55,6.0851e+06
61.56,2.65e+06
61.57,1.1438e+07
61.58,1.5244e+07
61.59,5.1242e+06
61.6,3.3864e+08
61.61,6.9485e+08
61.62,1.0963e+07
61.63,4.251e+07
61.64,5.0684e+07
61.65,2.3823e+07
61.66,1.3502e+07
61.67,2.6369e+07
61.68,2.9502e+07
61.69,1.7824e+07
61.7,1.5718e+07
61.71,2.4977e+07
61.72,2.4722e+07
61.73,1.6291e+07
61.74,1.9088e+07
61.75,2.6584e+07
61.76,2.22e+07
61.77,1.8836e+08
61.78,3.5894e+08
61.79,2.335e+07
61.8,4.1977e+07
61.81,4.2081e+07
61.82,2.7554e+07
61.83,2.4628e+07
61.84,3.1809e+07
61.85,3.0718e+07
61.86,2.3574e+07
61.87,2.4982e+07
61.88,3.1155e+07
61.89,2.8266e+07
61.9,2.1513e+07
61.91,2.5167e+07
61.92,3.1968e+07
61.93,2.5939e+07
61.94,1.7657e+07
61.95,2.6434e+07
61.96,3.5307e+07
61.97,1.9071e+07
61.98,1.928e+07
61.99,1.5523e+08
62,6.7577e+08
62.01,1.134e+08
62.02,1.0456e+08
62.03,4.1345e+07
62.04,2.6329e+07
62.05,4.8184e+07
62.06,4.6832e+07
62.07,2.7007e+07
62.08,2.9183e+07
62.09,4.2939e+07
62.1,3.5469e+07
62.11,2.2637e+07
62.12,3.2238e+07
62.13,4.1146e+07
62.14,2.5719e+07
62.15,2.517e+07
62.16,7.404e+07
62.17,3.428e+08
62.18,1.146e+08
62.19,6.1478e+07
62.2,3.4309e+07
62.21,3.9743e+07
62.22,3.8761e+07
62.23,3.131e+07
62.24,3.5773e+07
62.25,3.9478e+07
62.26,2.9992e+07
62.27,2.8319e+07
62.28,4.1524e+07
62.29,4.0577e+07
62.3,2.4175e+07
62.31,3.1282e+07
62.32,5.7222e+07
62.33,4.8928e+07
62.34,1.881e+07
62.35,5.2861e+07
62.36,1.5083e+08
62.37,1.6596e+08
62.38,2.1898e+07
62.39,5.8373e+09
62.4,1.9991e+09
62.41,2.9843e+08
62.42,2.3634e+07
62.43,2.3656e+07
62.44,6.9957e+07
62.45,5.6777e+07
62.46,1.2647e+07
62.47,1.3016e+07
62.48,4.5075e+07
62.49,4.0566e+07
62.5,8.3217e+06
62.51,1.6699e+07
62.52,6.0065e+07
62.53,6.0762e+07
62.54,1.0605e+07
62.55,7.0961e+07
62.56,1.9601e+09
62.57,2.0753e+09
62.58,4.273e+07
62.59,2.2918e+07
62.6,5.4379e+07
62.61,3.6374e+07
62.62,8.0883e+06
62.63,1.3183e+07
62.64,2.499e+07
62.65,1.5166e+07
62.66,7.1542e+06
62.67,1.6677e+07
62.68,1.8773e+07
62.69,8.5694e+06
62.7,1.2881e+07
62.71,2.4239e+07
62.72,1.4539e+07
62.73,1.015e+07
62.74,4.2728e+07
62.75,5.3349e+07
62.76,1.0676e+07
62.77,1.4889e+08
62.78,1.6451e+09
62.79,3.9448e+09
62.8,4.2022e+07
62.81,1.3953e+08
62.82,6.9816e+07
62.83,1.0448e+07
62.84,1.4218e+07
62.85,2.3218e+07
62.86,1.493e+07
62.87,8.9156e+06
62.88,9.0713e+06
62.89,1.0977e+07
62.9,1.6518e+07
62.91,1.5142e+07
62.92,5.123e+06
62.93,2.8168e+07
62.94,1.0243e+08
62.95,1.1624e+08
62.96,2.1887e+09
62.97,4.8188e+08
62.98,9.9179e+07
62.99,3.5994e+06
63,1.4029e+07
63.01,2.144e+07
63.02,6.5476e+06
63.03,1.19e+06
63.04,8.4712e+06
63.05,8.0878e+06
63.06,1.1879e+06
63.07,2.2536e+06
63.08,7.3501e+06
63.09,4.7347e+06
63.1,2.5666e+05
63.11,4.2575e+06
63.12,8.7382e+06
63.13,3.6603e+06
63.14,9.8194e+05
63.15,1.3973e+07
63.16,2.4673e+07
63.17,5.5436e+06
63.18,4.5013e+08
63.19,1.6384e+08
63.2,1.1385e+07
63.21,1.0667e+06
63.22,3.3158e+06
63.23,2.6623e+06
63.24,1.7058e+06
63.25,1.1649e+06
63.26,1.0348e+06
63.27,2.1327e+06
63.28,2.442e+06
63.29,9.1515e+05
63.3,1.5267e+06
63.31,4.8257e+06
63.32,4.0937e+06
63.33,6.8228e+05
63.34,1.3423e+07
63.35,8.1695e+07
63.36,2.2215e+08
63.37,6.6099e+06
63.38,7.8435e+06
63.39,1.6745e+06
63.4,7.2516e+05
63.41,1.178e+06
63.42,8.6075e+05
63.43,8.1023e+05
63.44,9.8717e+05
63.45,7.6842e+05
63.46,7.5861e+05
63.47,1.0609e+06
63.48,9.5315e+05
63.49,7.6806e+05
63.5,1.0522e+06
63.51,1.1516e+06
63.52,9.406e+05
63.53,1.2469e+06
63.54,1.5221e+06
63.55,1.3156e+06
63.56,2.8862e+06
63.57,1.1305e+07
63.58,3.8075e+07
63.59,5.0175e+06
63.6,2.0812e+06
63.61,2.8473e+05
63.62,1.1375e+06
63.63,1.2934e+06
63.64,4.0268e+05
63.65,5.3319e+05
63.66,1.1793e+06
63.67,8.2163e+05
63.68,3.6907e+05
63.69,8.0391e+05
63.7,1.0202e+06
63.71,6.4674e+05
63.72,8.1993e+05
63.73,1.0869e+06
63.74,8.7018e+05
63.75,1.3152e+07
63.76,1.4036e+07
63.77,5.7011e+05
63.78,1.4244e+06
63.79,3.7133e+05
63.8,1.2128e+05
63.81,7.7871e+05
63.82,6.5814e+05
63.83,49424
63.84,2.5238e+05
63.85,7.1472e+05
63.86,4.1124e+05
63.87,18536
63.88,3.3627e+05
63.89,6.5016e+05
63.9,3.2532e+05
63.91,49792
63.92,4.0549e+05
63.93,8.2917e+05
63.94,6.2273e+05
63.95,92558
63.96,1.5166e+06
63.97,2.0188e+07
63.98,3.006e+07
63.99,95292
64,7.8076e+05
64.01,5.3095e+05
64.02,67174
64.03,1.1451e+05
64.04,2.5056e+05
64.05,1.3019e+05
64.06,22861
64.07,1.2302e+05
64.08,2.2407e+05
64.09,1.4262e+05
64.1,42007
64.11,2.1277e+05
64.12,5.3132e+05
64.13,4.0938e+05
64.14,1.1267e+05
64.15,1.4981e+07
64.16,1.0444e+07
64.17,6.8127e+05
64.18,3.4097e+05
64.19,2.4218e+05
64.2,1.9935e+05
64.21,1.179e+05
64.22,63566
64.23,1.2881e+05
64.24,2.0556e+05
64.25,1.2972e+05
64.26,68961
64.27,1.9156e+05
64.28,2.5454e+05
64.29,1.2846e+05
64.3,1.2779e+05
64.31,3.0159e+05
64.32,2.8269e+05
64.33,1.5773e+05
64.34,3.3658e+05
64.35,6.9947e+05
64.36,3.4008e+05
64.37,4.4278e+06
64.38,2.1098e+06
64.39,3.399e+05
64.4,2.4682e+05
64.41,41497
64.42,2.081e+05
64.43,3.8271e+05
64.44,1.8372e+05
64.45,86024
64.46,3.271e+05
64.47,3.7727e+05
64.48,1.484e+05
64.49,1.7744e+05
64.5,4.045e+05
64.51,3.4177e+05
64.52,1.9784e+05
64.53,3.4263e+05
64.54,4.2869e+05
64.55,2.5489e+06
64.56,8.9932e+05
64.57,2.9125e+05
64.58,4.1055e+05
64.59,1.2585e+05
64.6,88710
64.61,3.6549e+05
64.62,3.3013e+05
64.63,67079
64.64,1.6174e+05
64.65,3.8588e+05
64.66,2.2935e+05
64.67,43230
64.68,2.3296e+05
64.69,3.5216e+05
64.7,1.2445e+05
64.71,59181
64.72,2.846e+05
64.73,2.6968e+05
64.74,66025
64.75,1.8897e+05
64.76,3.0259e+05
64.77,4.9296e+06
64.78,3.638e+06
64.79,3.7218e+05
64.8,2.7867e+05
64.81,3.1116e+05
64.82,1.7003e+05
64.83,1.7361e+05
64.84,2.2825e+05
64.85,1.4215e+05
64.86,92164
64.87,1.6553e+05
64.88,1.6145e+05
64.89,74058
64.9,85897
64.91,1.4262e+05
64.92,1.1306e+05
64.93,79874
64.94,85759
64.95,2.2304e+06
64.96,2.2073e+06
64.97,2.8964e+05
64.98,2.3559e+05
64.99,1.8111e+05
65,98341
65.01,53542
65.02,93246
65.03,94608
65.04,53001
65.05,51570
65.06,72155
65.07,63675
65.08,48412
65.09,51391
65.1,56451
65.11,55896
65.12,55695
65.13,55204
65.14,54948
65.15,1.6127e+05
65.16,1.1131e+05
65.17,7.8468e+05
65.18,4.4279e+05
65.19,1.4906e+05
65.2,40053
65.21,35352
65.22,1.0902e+05
65.23,1.0395e+05
65.24,32441
65.25,54349
65.26,1.2824e+05
65.27,94381
65.28,31153
65.29,88086
65.3,1.4799e+05
65.31,82729
65.32,44041
65.33,1.2845e+05
65.34,1.6888e+05
65.35,3.0743e+05
65.36,4.127e+05
65.37,2.6625e+05
65.38,80147
65.39,53167
65.4,1.2713e+05
65.41,1.7686e+05
65.42,95641
65.43,68404
65.44,1.6675e+05
65.45,1.7447e+05
65.46,75185
65.47,1.0024e+05
65.48,2.0044e+05
65.49,1.4752e+05
65.5,62002
65.51,1.4979e+05
65.52,2.1561e+05
65.53,96072
65.54,74469
65.55,2.7787e+05
65.56,1.6334e+05
65.57,5.7125e+05
65.58,8.7729e+05
65.59,1.3249e+05
65.6,2.053e+05
65.61,1.7435e+05
65.62,1.3276e+05
65.63,1.6872e+05
65.64,1.6408e+05
65.65,1.2096e+05
65.66,1.3954e+05
65.67,1.6765e+05
65.68,1.3332e+05
65.69,1.1295e+05
65.7,1.4615e+05
65.71,1.5244e+05
65.72,1.2116e+05
65.73,1.1669e+05
65.74,1.4209e+05
65.75,3.4924e+05
65.76,4.6391e+05
65.77,5.0844e+05
65.78,1.3274e+05
65.79,66625
65.8,83185
65.81,1.0687e+05
65.82,88749
65.83,67042
65.84,84899
65.85,92984
65.86,68783
65.87,65664
65.88,82762
65.89,71197
65.9,55287
65.91,71937
65.92,74526
65.93,46085
65.94,67272
65.95,1.6627e+05
65.96,69125
65.97,21259
65.98,1.8694e+05
65.99,27086
66,52383
