42.5,0.0037419
42.501,0.0037495
42.501,0.003757
42.502,0.0037646
42.502,0.0037722
42.502,0.0037798
42.503,0.0037875
42.504,0.0037951
42.504,0.0038028
42.505,0.0038105
42.505,0.0038183
42.505,0.003826
42.506,0.0038338
42.507,0.0038415
42.507,0.0038493
42.508,0.0038572
42.508,0.003865
42.508,0.0038729
42.509,0.0038808
42.51,0.0038887
42.51,0.0038966
42.511,0.0039045
42.511,0.0039125
42.511,0.0039205
42.512,0.0039285
42.513,0.0039365
42.513,0.0039445
42.514,0.0039526
42.514,0.0039606
42.514,0.0039687
42.515,0.0039769
42.516,0.003985
42.516,0.0039931
42.517,0.0040013
42.517,0.0040095
42.517,0.0040177
42.518,0.004026
42.519,0.0040342
42.519,0.0040425
42.52,0.0040508
42.52,0.0040591
42.52,0.0040674
42.521,0.0040758
42.522,0.0040841
42.522,0.0040925
42.523,0.0041009
42.523,0.0041094
42.523,0.0041178
42.524,0.0041263
42.525,0.0041348
42.525,0.0041433
42.526,0.0041518
42.526,0.0041603
42.526,0.0041689
42.527,0.0041775
42.528,0.0041861
42.528,0.0041947
42.529,0.0042034
42.529,0.0042121
42.529,0.0042208
42.53,0.0042295
42.531,0.0042382
42.531,0.0042469
42.532,0.0042557
42.532,0.0042645
42.532,0.0042733
42.533,0.0042822
42.533,0.004291
42.534,0.0042999
42.535,0.0043088
42.535,0.0043177
42.535,0.0043267
42.536,0.0043357
42.536,0.0043446
42.537,0.0043537
42.538,0.0043627
42.538,0.0043717
42.538,0.0043808
42.539,0.0043899
42.539,0.0043991
42.54,0.0044082
42.541,0.0044174
42.541,0.0044266
42.541,0.0044358
42.542,0.004445
42.542,0.0044543
42.543,0.0044636
42.544,0.0044729
42.544,0.0044822
42.544,0.0044916
42.545,0.004501
42.545,0.0045104
42.546,0.0045198
42.547,0.0045293
42.547,0.0045388
42.547,0.0045483
42.548,0.0045578
42.548,0.0045674
42.549,0.004577
42.55,0.0045866
42.55,0.0045962
42.551,0.0046059
42.551,0.0046156
42.551,0.0046253
42.552,0.004635
42.553,0.0046448
42.553,0.0046546
42.554,0.0046644
42.554,0.0046743
42.554,0.0046842
42.555,0.0046941
42.556,0.004704
42.556,0.004714
42.557,0.0047239
42.557,0.004734
42.557,0.004744
42.558,0.0047541
42.559,0.0047642
42.559,0.0047743
42.56,0.0047845
42.56,0.0047947
42.56,0.0048049
42.561,0.0048151
42.562,0.0048254
42.562,0.0048357
42.563,0.0048461
42.563,0.0048564
42.563,0.0048668
42.564,0.0048773
42.565,0.0048877
42.565,0.0048982
42.566,0.0049087
42.566,0.0049193
42.566,0.0049299
42.567,0.0049405
42.568,0.0049511
42.568,0.0049618
42.569,0.0049725
42.569,0.0049833
42.569,0.004994
42.57,0.0050048
42.571,0.0050157
42.571,0.0050266
42.572,0.0050375
42.572,0.0050484
42.572,0.0050594
42.573,0.0050704
42.574,0.0050814
42.574,0.0050925
42.575,0.0051036
42.575,0.0051147
42.575,0.0051259
42.576,0.0051371
42.577,0.0051483
42.577,0.0051596
42.578,0.0051709
42.578,0.0051823
42.578,0.0051936
42.579,0.0052051
42.58,0.0052165
42.58,0.005228
42.581,0.0052395
42.581,0.0052511
42.581,0.0052627
42.582,0.0052743
42.583,0.005286
42.583,0.0052977
42.584,0.0053094
42.584,0.0053212
42.584,0.005333
42.585,0.0053448
42.586,0.0053567
42.586,0.0053687
42.587,0.0053806
42.587,0.0053926
42.587,0.0054047
42.588,0.0054167
42.589,0.0054288
42.589,0.005441
42.59,0.0054532
42.59,0.0054654
42.59,0.0054777
42.591,0.00549
42.592,0.0055023
42.592,0.0055147
42.593,0.0055272
42.593,0.0055396
42.593,0.0055521
42.594,0.0055647
42.594,0.0055773
42.595,0.0055899
42.596,0.0056025
42.596,0.0056153
42.596,0.005628
42.597,0.0056408
42.597,0.0056536
42.598,0.0056665
42.599,0.0056794
42.599,0.0056924
42.599,0.0057054
42.6,0.0057184
42.6,0.0057315
42.601,0.0057446
42.602,0.0057578
42.602,0.005771
42.602,0.0057842
42.603,0.0057975
42.603,0.0058109
42.604,0.0058242
42.605,0.0058377
42.605,0.0058511
42.605,0.0058647
42.606,0.0058782
42.606,0.0058918
42.607,0.0059055
42.608,0.0059192
42.608,0.0059329
42.608,0.0059467
42.609,0.0059605
42.609,0.0059744
42.61,0.0059883
42.611,0.0060023
42.611,0.0060163
42.611,0.0060304
42.612,0.0060445
42.612,0.0060586
42.613,0.0060728
42.614,0.0060871
42.614,0.0061014
42.615,0.0061157
42.615,0.0061301
42.615,0.0061445
42.616,0.006159
42.617,0.0061735
42.617,0.0061881
42.618,0.0062028
42.618,0.0062174
42.618,0.0062322
42.619,0.006247
42.62,0.0062618
42.62,0.0062767
42.621,0.0062916
42.621,0.0063066
42.621,0.0063216
42.622,0.0063367
42.623,0.0063518
42.623,0.006367
42.624,0.0063822
42.624,0.0063975
42.624,0.0064129
42.625,0.0064283
42.626,0.0064437
42.626,0.0064592
42.627,0.0064747
42.627,0.0064903
42.627,0.006506
42.628,0.0065217
42.629,0.0065375
42.629,0.0065533
42.63,0.0065692
42.63,0.0065851
42.63,0.0066011
42.631,0.0066171
42.632,0.0066332
42.632,0.0066493
42.633,0.0066655
42.633,0.0066818
42.633,0.0066981
42.634,0.0067145
42.635,0.0067309
42.635,0.0067474
42.636,0.0067639
42.636,0.0067805
42.636,0.0067972
42.637,0.0068139
42.638,0.0068307
42.638,0.0068475
42.639,0.0068644
42.639,0.0068813
42.639,0.0068983
42.64,0.0069154
42.641,0.0069325
42.641,0.0069497
42.642,0.006967
42.642,0.0069843
42.642,0.0070017
42.643,0.0070191
42.644,0.0070366
42.644,0.0070541
42.645,0.0070717
42.645,0.0070894
42.645,0.0071072
42.646,0.007125
42.647,0.0071428
42.647,0.0071608
42.648,0.0071787
42.648,0.0071968
42.648,0.0072149
42.649,0.0072331
42.65,0.0072514
42.65,0.0072697
42.651,0.0072881
42.651,0.0073065
42.651,0.007325
42.652,0.0073436
42.653,0.0073622
42.653,0.0073809
42.654,0.0073997
42.654,0.0074186
42.654,0.0074375
42.655,0.0074565
42.656,0.0074755
42.656,0.0074946
42.657,0.0075138
42.657,0.0075331
42.657,0.0075524
42.658,0.0075718
42.658,0.0075913
42.659,0.0076108
42.66,0.0076304
42.66,0.0076501
42.66,0.0076699
42.661,0.0076897
42.661,0.0077096
42.662,0.0077296
42.663,0.0077496
42.663,0.0077697
42.663,0.0077899
42.664,0.0078102
42.664,0.0078305
42.665,0.007851
42.666,0.0078714
42.666,0.007892
42.666,0.0079127
42.667,0.0079334
42.667,0.0079542
42.668,0.007975
42.669,0.007996
42.669,0.008017
42.669,0.0080381
42.67,0.0080593
42.67,0.0080806
42.671,0.0081019
42.672,0.0081233
42.672,0.0081448
42.672,0.0081664
42.673,0.0081881
42.673,0.0082098
42.674,0.0082317
42.675,0.0082536
42.675,0.0082756
42.676,0.0082976
42.676,0.0083198
42.676,0.008342
42.677,0.0083644
42.678,0.0083868
42.678,0.0084093
42.679,0.0084318
42.679,0.0084545
42.679,0.0084772
42.68,0.0085001
42.681,0.008523
42.681,0.008546
42.682,0.0085691
42.682,0.0085923
42.682,0.0086156
42.683,0.008639
42.684,0.0086624
42.684,0.008686
42.685,0.0087096
42.685,0.0087333
42.685,0.0087571
42.686,0.008781
42.687,0.008805
42.687,0.0088291
42.688,0.0088533
42.688,0.0088776
42.688,0.008902
42.689,0.0089265
42.69,0.008951
42.69,0.0089757
42.691,0.0090004
42.691,0.0090253
42.691,0.0090503
42.692,0.0090753
42.693,0.0091004
42.693,0.0091257
42.694,0.009151
42.694,0.0091765
42.694,0.009202
42.695,0.0092277
42.696,0.0092534
42.696,0.0092793
42.697,0.0093052
42.697,0.0093313
42.697,0.0093574
42.698,0.0093837
42.699,0.00941
42.699,0.0094365
42.7,0.0094631
42.7,0.0094898
42.7,0.0095166
42.701,0.0095434
42.702,0.0095705
42.702,0.0095976
42.703,0.0096248
42.703,0.0096521
42.703,0.0096795
42.704,0.0097071
42.705,0.0097348
42.705,0.0097625
42.706,0.0097904
42.706,0.0098184
42.706,0.0098465
42.707,0.0098747
42.708,0.0099031
42.708,0.0099315
42.709,0.0099601
42.709,0.0099888
42.709,0.010018
42.71,0.010047
42.711,0.010076
42.711,0.010105
42.712,0.010134
42.712,0.010163
42.712,0.010193
42.713,0.010223
42.714,0.010252
42.714,0.010282
42.715,0.010312
42.715,0.010342
42.715,0.010373
42.716,0.010403
42.717,0.010433
42.717,0.010464
42.718,0.010495
42.718,0.010526
42.718,0.010557
42.719,0.010588
42.719,0.010619
42.72,0.010651
42.721,0.010682
42.721,0.010714
42.721,0.010746
42.722,0.010778
42.722,0.01081
42.723,0.010842
42.724,0.010874
42.724,0.010907
42.724,0.010939
42.725,0.010972
42.725,0.011005
42.726,0.011038
42.727,0.011071
42.727,0.011105
42.727,0.011138
42.728,0.011172
42.728,0.011206
42.729,0.01124
42.73,0.011274
42.73,0.011308
42.73,0.011342
42.731,0.011377
42.731,0.011411
42.732,0.011446
42.733,0.011481
42.733,0.011516
42.733,0.011551
42.734,0.011587
42.734,0.011622
42.735,0.011658
42.736,0.011694
42.736,0.01173
42.736,0.011766
42.737,0.011803
42.737,0.011839
42.738,0.011876
42.739,0.011913
42.739,0.01195
42.74,0.011987
42.74,0.012024
42.74,0.012062
42.741,0.012099
42.742,0.012137
42.742,0.012175
42.743,0.012213
42.743,0.012252
42.743,0.01229
42.744,0.012329
42.745,0.012368
42.745,0.012407
42.746,0.012446
42.746,0.012486
42.746,0.012525
42.747,0.012565
42.748,0.012605
42.748,0.012645
42.749,0.012685
42.749,0.012726
42.749,0.012767
42.75,0.012808
42.751,0.012849
42.751,0.01289
42.752,0.012931
42.752,0.012973
42.752,0.013015
42.753,0.013057
42.754,0.013099
42.754,0.013142
42.755,0.013184
42.755,0.013227
42.755,0.01327
42.756,0.013313
42.757,0.013357
42.757,0.0134
42.758,0.013444
42.758,0.013488
42.758,0.013533
42.759,0.013577
42.76,0.013622
42.76,0.013667
42.761,0.013712
42.761,0.013757
42.761,0.013803
42.762,0.013848
42.763,0.013894
42.763,0.013941
42.764,0.013987
42.764,0.014034
42.764,0.014081
42.765,0.014128
42.766,0.014175
42.766,0.014223
42.767,0.014271
42.767,0.014319
42.767,0.014367
42.768,0.014415
42.769,0.014464
42.769,0.014513
42.77,0.014563
42.77,0.014612
42.77,0.014662
42.771,0.014712
42.772,0.014762
42.772,0.014813
42.773,0.014863
42.773,0.014914
42.773,0.014966
42.774,0.015017
42.775,0.015069
42.775,0.015121
42.776,0.015174
42.776,0.015226
42.776,0.015279
42.777,0.015332
42.778,0.015386
42.778,0.01544
42.779,0.015494
42.779,0.015548
42.779,0.015603
42.78,0.015657
42.781,0.015713
42.781,0.015768
42.782,0.015824
42.782,0.01588
42.782,0.015936
42.783,0.015993
42.783,0.01605
42.784,0.016108
42.785,0.016165
42.785,0.016223
42.785,0.016282
42.786,0.01634
42.786,0.016399
42.787,0.016459
42.788,0.016518
42.788,0.016579
42.788,0.016639
42.789,0.0167
42.789,0.016761
42.79,0.016822
42.791,0.016884
42.791,0.016947
42.791,0.017009
42.792,0.017073
42.792,0.017136
42.793,0.0172
42.794,0.017264
42.794,0.017329
42.794,0.017395
42.795,0.01746
42.795,0.017526
42.796,0.017593
42.797,0.01766
42.797,0.017728
42.797,0.017796
42.798,0.017865
42.798,0.017934
42.799,0.018004
42.8,0.018074
42.8,0.018145
42.801,0.018217
42.801,0.018289
42.801,0.018362
42.802,0.018436
42.803,0.01851
42.803,0.018585
42.804,0.01866
42.804,0.018737
42.804,0.018814
42.805,0.018892
42.806,0.018971
42.806,0.019051
42.807,0.019132
42.807,0.019213
42.807,0.019296
42.808,0.01938
42.809,0.019465
42.809,0.019551
42.81,0.019638
42.81,0.019726
42.81,0.019816
42.811,0.019907
42.812,0.019999
42.812,0.020093
42.813,0.020189
42.813,0.020286
42.813,0.020384
42.814,0.020485
42.815,0.020587
42.815,0.020691
42.816,0.020798
42.816,0.020906
42.816,0.021017
42.817,0.021129
42.818,0.021245
42.818,0.021363
42.819,0.021483
42.819,0.021607
42.819,0.021733
42.82,0.021863
42.821,0.021996
42.821,0.022132
42.822,0.022272
42.822,0.022415
42.822,0.022563
42.823,0.022714
42.824,0.02287
42.824,0.023031
42.825,0.023196
42.825,0.023367
42.825,0.023543
42.826,0.023724
42.827,0.023911
42.827,0.024104
42.828,0.024304
42.828,0.02451
42.828,0.024723
42.829,0.024944
42.83,0.025172
42.83,0.025408
42.831,0.025653
42.831,0.025907
42.831,0.02617
42.832,0.026443
42.833,0.026725
42.833,0.027019
42.834,0.027323
42.834,0.027639
42.834,0.027967
42.835,0.028308
42.836,0.028662
42.836,0.02903
42.837,0.029412
42.837,0.02981
42.837,0.030223
42.838,0.030652
42.839,0.031099
42.839,0.031563
42.84,0.032046
42.84,0.032549
42.84,0.033071
42.841,0.033615
42.842,0.03418
42.842,0.034768
42.843,0.035379
42.843,0.036016
42.843,0.036677
42.844,0.037366
42.844,0.038081
42.845,0.038826
42.846,0.0396
42.846,0.040405
42.846,0.041242
42.847,0.042112
42.847,0.043016
42.848,0.043956
42.849,0.044933
42.849,0.045948
42.849,0.047002
42.85,0.048097
42.85,0.049234
42.851,0.050415
42.852,0.051641
42.852,0.052914
42.852,0.054234
42.853,0.055604
42.853,0.057026
42.854,0.0585
42.855,0.060028
42.855,0.061612
42.855,0.063254
42.856,0.064955
42.856,0.066717
42.857,0.068542
42.858,0.070431
42.858,0.072387
42.858,0.074411
42.859,0.076504
42.859,0.07867
42.86,0.080908
42.861,0.083223
42.861,0.085614
42.861,0.088084
42.862,0.090636
42.862,0.09327
42.863,0.095989
42.864,0.098795
42.864,0.10169
42.865,0.10467
42.865,0.10775
42.865,0.11092
42.866,0.11419
42.867,0.11755
42.867,0.12102
42.868,0.12458
42.868,0.12825
42.868,0.13202
42.869,0.1359
42.87,0.13989
42.87,0.14399
42.871,0.1482
42.871,0.15252
42.871,0.15696
42.872,0.16151
42.873,0.16618
42.873,0.17097
42.874,0.17588
42.874,0.18091
42.874,0.18606
42.875,0.19133
42.876,0.19673
42.876,0.20226
42.877,0.20791
42.877,0.21369
42.877,0.21959
42.878,0.22562
42.879,0.23179
42.879,0.23808
42.88,0.2445
42.88,0.25104
42.88,0.25772
42.881,0.26453
42.882,0.27146
42.882,0.27853
42.883,0.28572
42.883,0.29304
42.883,0.30048
42.884,0.30805
42.885,0.31575
42.885,0.32356
42.886,0.3315
42.886,0.33957
42.886,0.34775
42.887,0.35604
42.888,0.36445
42.888,0.37298
42.889,0.38161
42.889,0.39036
42.889,0.39921
42.89,0.40816
42.891,0.41721
42.891,0.42636
42.892,0.43561
42.892,0.44494
42.892,0.45436
42.893,0.46387
42.894,0.47345
42.894,0.48311
42.895,0.49284
42.895,0.50263
42.895,0.51249
42.896,0.52241
42.897,0.53237
42.897,0.54239
42.898,0.55245
42.898,0.56254
42.898,0.57267
42.899,0.58282
42.9,0.593
42.9,0.60319
42.901,0.61338
42.901,0.62359
42.901,0.63378
42.902,0.64397
42.903,0.65414
42.903,0.6643
42.904,0.67442
42.904,0.6845
42.904,0.69455
42.905,0.70455
42.906,0.71449
42.906,0.72436
42.907,0.73417
42.907,0.74391
42.907,0.75356
42.908,0.76312
42.908,0.77258
42.909,0.78194
42.91,0.79119
42.91,0.80032
42.91,0.80932
42.911,0.8182
42.911,0.82693
42.912,0.83552
42.913,0.84396
42.913,0.85223
42.913,0.86035
42.914,0.86829
42.914,0.87605
42.915,0.88363
42.916,0.89101
42.916,0.8982
42.916,0.90518
42.917,0.91196
42.917,0.91852
42.918,0.92486
42.919,0.93098
42.919,0.93686
42.919,0.94251
42.92,0.94792
42.92,0.95308
42.921,0.95799
42.922,0.96265
42.922,0.96705
42.922,0.97119
42.923,0.97506
42.923,0.97866
42.924,0.98199
42.925,0.98505
42.925,0.98782
42.926,0.99032
42.926,0.99254
42.926,0.99447
42.927,0.99611
42.928,0.99747
42.928,0.99853
42.929,0.99931
42.929,0.9998
42.929,1
42.93,0.99991
42.931,0.99953
42.931,0.99885
42.932,0.99789
42.932,0.99664
42.932,0.99511
42.933,0.99328
42.934,0.99118
42.934,0.98879
42.935,0.98613
42.935,0.98318
42.935,0.97997
42.936,0.97648
42.937,0.97273
42.937,0.96871
42.938,0.96443
42.938,0.95989
42.938,0.95511
42.939,0.95007
42.94,0.9448
42.94,0.93928
42.941,0.93353
42.941,0.92756
42.941,0.92136
42.942,0.91495
42.943,0.90832
42.943,0.90149
42.944,0.89446
42.944,0.88724
42.944,0.87983
42.945,0.87224
42.946,0.86447
42.946,0.85655
42.947,0.84846
42.947,0.84021
42.947,0.83183
42.948,0.8233
42.949,0.81464
42.949,0.80586
42.95,0.79696
42.95,0.78795
42.95,0.77883
42.951,0.76962
42.952,0.76033
42.952,0.75095
42.953,0.7415
42.953,0.73198
42.953,0.72241
42.954,0.71278
42.955,0.70311
42.955,0.6934
42.956,0.68367
42.956,0.67391
42.956,0.66414
42.957,0.65436
42.958,0.64457
42.958,0.6348
42.959,0.62503
42.959,0.61529
42.959,0.60557
42.96,0.59588
42.961,0.58623
42.961,0.57663
42.962,0.56708
42.962,0.55759
42.962,0.54816
42.963,0.5388
42.964,0.52951
42.964,0.52031
42.965,0.51119
42.965,0.50216
42.965,0.49323
42.966,0.4844
42.967,0.47567
42.967,0.46706
42.968,0.45856
42.968,0.45018
42.968,0.44193
42.969,0.4338
42.969,0.42581
42.97,0.41795
42.971,0.41023
42.971,0.40266
42.971,0.39523
42.972,0.38795
42.972,0.38083
42.973,0.37386
42.974,0.36704
42.974,0.36039
42.974,0.35391
42.975,0.34758
42.975,0.34143
42.976,0.33544
42.977,0.32963
42.977,0.32399
42.977,0.31852
42.978,0.31324
42.978,0.30812
42.979,0.30319
42.98,0.29844
42.98,0.29386
42.98,0.28947
42.981,0.28526
42.981,0.28124
42.982,0.27739
42.983,0.27373
42.983,0.27025
42.983,0.26696
42.984,0.26385
42.984,0.26092
42.985,0.25817
42.986,0.25561
42.986,0.25323
42.986,0.25103
42.987,0.249
42.987,0.24716
42.988,0.2455
42.989,0.24402
42.989,0.24271
42.99,0.24157
42.99,0.24061
42.99,0.23983
42.991,0.23921
42.992,0.23876
42.992,0.23848
42.993,0.23837
42.993,0.23842
42.993,0.23864
42.994,0.23901
42.995,0.23954
42.995,0.24023
42.996,0.24107
42.996,0.24206
42.996,0.2432
42.997,0.24449
42.998,0.24592
42.998,0.24749
42.999,0.2492
42.999,0.25105
42.999,0.25303
43,0.25514
43.001,0.25738
43.001,0.25974
43.002,0.26222
43.002,0.26482
43.002,0.26754
43.003,0.27036
43.004,0.2733
43.004,0.27634
43.005,0.27948
43.005,0.28272
43.005,0.28605
43.006,0.28947
43.007,0.29298
43.007,0.29657
43.008,0.30024
43.008,0.30399
43.008,0.30781
43.009,0.31169
43.01,0.31564
43.01,0.31965
43.011,0.32372
43.011,0.32783
43.011,0.332
43.012,0.3362
43.013,0.34045
43.013,0.34473
43.014,0.34904
43.014,0.35337
43.014,0.35773
43.015,0.36211
43.016,0.3665
43.016,0.37089
43.017,0.3753
43.017,0.3797
43.017,0.3841
43.018,0.38849
43.019,0.39287
43.019,0.39723
43.02,0.40157
43.02,0.40588
43.02,0.41017
43.021,0.41442
43.022,0.41863
43.022,0.42279
43.023,0.42692
43.023,0.43099
43.023,0.435
43.024,0.43896
43.025,0.44285
43.025,0.44668
43.026,0.45043
43.026,0.45412
43.026,0.45772
43.027,0.46124
43.028,0.46467
43.028,0.46802
43.029,0.47127
43.029,0.47443
43.029,0.47749
43.03,0.48044
43.031,0.48329
43.031,0.48603
43.032,0.48866
43.032,0.49118
43.032,0.49358
43.033,0.49586
43.033,0.49801
43.034,0.50005
43.035,0.50195
43.035,0.50373
43.035,0.50538
43.036,0.50689
43.036,0.50828
43.037,0.50952
43.038,0.51063
43.038,0.5116
43.038,0.51244
43.039,0.51313
43.039,0.51368
43.04,0.51408
43.041,0.51435
43.041,0.51447
43.041,0.51445
43.042,0.51428
43.042,0.51397
43.043,0.51352
43.044,0.51292
43.044,0.51219
43.044,0.5113
43.045,0.51028
43.045,0.50911
43.046,0.50781
43.047,0.50636
43.047,0.50478
43.047,0.50306
43.048,0.5012
43.048,0.49921
43.049,0.49709
43.05,0.49483
43.05,0.49245
43.051,0.48994
43.051,0.48731
43.051,0.48455
43.052,0.48167
43.053,0.47868
43.053,0.47557
43.054,0.47235
43.054,0.46901
43.054,0.46558
43.055,0.46203
43.056,0.45838
43.056,0.45464
43.057,0.4508
43.057,0.44687
43.057,0.44285
43.058,0.43874
43.059,0.43455
43.059,0.43028
43.06,0.42593
43.06,0.42151
43.06,0.41702
43.061,0.41247
43.062,0.40785
43.062,0.40317
43.063,0.39844
43.063,0.39366
43.063,0.38883
43.064,0.38395
43.065,0.37903
43.065,0.37407
43.066,0.36908
43.066,0.36406
43.066,0.35901
43.067,0.35393
43.068,0.34884
43.068,0.34372
43.069,0.33859
43.069,0.33345
43.069,0.32831
43.07,0.32315
43.071,0.318
43.071,0.31285
43.072,0.3077
43.072,0.30256
43.072,0.29743
43.073,0.29231
43.074,0.28721
43.074,0.28213
43.075,0.27707
43.075,0.27204
43.075,0.26702
43.076,0.26204
43.077,0.25709
43.077,0.25218
43.078,0.24729
43.078,0.24245
43.078,0.23765
43.079,0.23289
43.08,0.22817
43.08,0.22349
43.081,0.21887
43.081,0.21429
43.081,0.20976
43.082,0.20529
43.083,0.20087
43.083,0.1965
43.084,0.19219
43.084,0.18793
43.084,0.18373
43.085,0.17959
43.086,0.17551
43.086,0.1715
43.087,0.16754
43.087,0.16364
43.087,0.15981
43.088,0.15604
43.089,0.15233
43.089,0.14869
43.09,0.14511
43.09,0.1416
43.09,0.13815
43.091,0.13477
43.092,0.13145
43.092,0.12819
43.093,0.125
43.093,0.12188
43.093,0.11882
43.094,0.11582
43.094,0.11289
43.095,0.11002
43.096,0.10722
43.096,0.10448
43.096,0.1018
43.097,0.099181
43.097,0.096625
43.098,0.094131
43.099,0.091696
43.099,0.089322
43.099,0.087006
43.1,0.084749
43.1,0.082549
43.101,0.080406
43.102,0.078319
43.102,0.076288
43.102,0.074311
43.103,0.072387
43.103,0.070517
43.104,0.068698
43.105,0.06693
43.105,0.065212
43.105,0.063544
43.106,0.061924
43.106,0.060351
43.107,0.058825
43.108,0.057344
43.108,0.055908
43.108,0.054515
43.109,0.053165
43.109,0.051857
43.11,0.050589
43.111,0.049362
43.111,0.048173
43.111,0.047022
43.112,0.045909
43.112,0.044831
43.113,0.043789
43.114,0.042781
43.114,0.041807
43.115,0.040865
43.115,0.039954
43.115,0.039075
43.116,0.038225
43.117,0.037405
43.117,0.036612
43.118,0.035847
43.118,0.035109
43.118,0.034397
43.119,0.033709
43.12,0.033046
43.12,0.032406
43.121,0.031789
43.121,0.031194
43.121,0.030621
43.122,0.030068
43.123,0.029534
43.123,0.029021
43.124,0.028525
43.124,0.028048
43.124,0.027588
43.125,0.027145
43.126,0.026719
43.126,0.026307
43.127,0.025911
43.127,0.025529
43.127,0.025161
43.128,0.024807
43.129,0.024466
43.129,0.024137
43.13,0.02382
43.13,0.023514
43.13,0.02322
43.131,0.022936
43.132,0.022662
43.132,0.022399
43.133,0.022145
43.133,0.021899
43.133,0.021663
43.134,0.021435
43.135,0.021214
43.135,0.021002
43.136,0.020797
43.136,0.020599
43.136,0.020407
43.137,0.020222
43.138,0.020044
43.138,0.019871
43.139,0.019704
43.139,0.019542
43.139,0.019386
43.14,0.019234
43.141,0.019087
43.141,0.018945
43.142,0.018807
43.142,0.018673
43.142,0.018543
43.143,0.018417
43.144,0.018295
43.144,0.018176
43.145,0.01806
43.145,0.017948
43.145,0.017838
43.146,0.017731
43.147,0.017627
43.147,0.017526
43.148,0.017427
43.148,0.017331
43.148,0.017237
43.149,0.017144
43.15,0.017055
43.15,0.016967
43.151,0.01688
43.151,0.016796
43.151,0.016714
43.152,0.016633
43.153,0.016553
43.153,0.016475
43.154,0.016399
43.154,0.016324
43.154,0.01625
43.155,0.016177
43.156,0.016106
43.156,0.016036
43.157,0.015967
43.157,0.015899
43.157,0.015831
43.158,0.015765
43.158,0.0157
43.159,0.015636
43.16,0.015572
43.16,0.01551
43.16,0.015448
43.161,0.015386
43.161,0.015326
43.162,0.015266
43.163,0.015207
43.163,0.015149
43.163,0.015091
43.164,0.015033
43.164,0.014977
43.165,0.01492
43.166,0.014865
43.166,0.01481
43.166,0.014755
43.167,0.014701
43.167,0.014647
43.168,0.014594
43.169,0.014541
43.169,0.014489
43.169,0.014437
43.17,0.014385
43.17,0.014334
43.171,0.014283
43.172,0.014233
43.172,0.014182
43.172,0.014133
43.173,0.014083
43.173,0.014034
43.174,0.013985
43.175,0.013937
43.175,0.013889
43.176,0.013841
43.176,0.013793
43.176,0.013746
43.177,0.013699
43.178,0.013653
43.178,0.013606
43.179,0.01356
43.179,0.013514
43.179,0.013469
43.18,0.013423
43.181,0.013378
43.181,0.013333
43.182,0.013289
43.182,0.013244
43.182,0.0132
43.183,0.013156
43.184,0.013113
43.184,0.013069
43.185,0.013026
43.185,0.012983
43.185,0.01294
43.186,0.012898
43.187,0.012856
43.187,0.012814
43.188,0.012772
43.188,0.01273
43.188,0.012689
43.189,0.012647
43.19,0.012606
43.19,0.012565
43.191,0.012525
43.191,0.012484
43.191,0.012444
43.192,0.012404
43.193,0.012364
43.193,0.012325
43.194,0.012285
43.194,0.012246
43.194,0.012207
43.195,0.012168
43.196,0.012129
43.196,0.012091
43.197,0.012052
43.197,0.012014
43.197,0.011976
43.198,0.011938
43.199,0.011901
43.199,0.011863
43.2,0.011826
43.2,0.011789
43.2,0.011752
43.201,0.011715
43.202,0.011679
43.202,0.011642
43.203,0.011606
43.203,0.01157
43.203,0.011534
43.204,0.011498
43.205,0.011462
43.205,0.011427
43.206,0.011392
43.206,0.011357
43.206,0.011322
43.207,0.011287
43.208,0.011252
43.208,0.011218
43.209,0.011183
43.209,0.011149
43.209,0.011115
43.21,0.011081
43.211,0.011047
43.211,0.011014
43.212,0.01098
43.212,0.010947
43.212,0.010914
43.213,0.010881
43.214,0.010848
43.214,0.010815
43.215,0.010783
43.215,0.01075
43.215,0.010718
43.216,0.010686
43.217,0.010654
43.217,0.010622
43.218,0.01059
43.218,0.010559
43.218,0.010527
43.219,0.010496
43.219,0.010465
43.22,0.010434
43.221,0.010403
43.221,0.010372
43.221,0.010341
43.222,0.010311
43.222,0.01028
43.223,0.01025
43.224,0.01022
43.224,0.01019
43.224,0.01016
43.225,0.01013
43.225,0.010101
43.226,0.010071
43.227,0.010042
43.227,0.010012
43.227,0.0099833
43.228,0.0099543
43.228,0.0099254
43.229,0.0098966
43.23,0.009868
43.23,0.0098394
43.23,0.009811
43.231,0.0097827
43.231,0.0097545
43.232,0.0097265
43.233,0.0096985
43.233,0.0096707
43.233,0.009643
43.234,0.0096154
43.234,0.0095879
43.235,0.0095605
43.236,0.0095332
43.236,0.0095061
43.236,0.009479
43.237,0.0094521
43.237,0.0094253
43.238,0.0093985
43.239,0.0093719
43.239,0.0093454
43.24,0.009319
43.24,0.0092928
43.24,0.0092666
43.241,0.0092405
43.242,0.0092145
43.242,0.0091887
43.243,0.0091629
43.243,0.0091372
43.243,0.0091117
43.244,0.0090862
43.245,0.0090609
43.245,0.0090356
43.246,0.0090105
43.246,0.0089854
43.246,0.0089605
43.247,0.0089356
43.248,0.0089109
43.248,0.0088862
43.249,0.0088617
43.249,0.0088372
43.249,0.0088128
43.25,0.0087886
43.251,0.0087644
43.251,0.0087403
43.252,0.0087163
43.252,0.0086924
43.252,0.0086687
43.253,0.0086449
43.254,0.0086213
43.254,0.0085978
43.255,0.0085744
43.255,0.0085511
43.255,0.0085278
43.256,0.0085047
43.257,0.0084816
43.257,0.0084586
43.258,0.0084357
43.258,0.0084129
43.258,0.0083902
43.259,0.0083676
43.26,0.0083451
43.26,0.0083226
43.261,0.0083002
43.261,0.008278
43.261,0.0082558
43.262,0.0082337
43.263,0.0082116
43.263,0.0081897
43.264,0.0081678
43.264,0.0081461
43.264,0.0081244
43.265,0.0081028
43.266,0.0080812
43.266,0.0080598
43.267,0.0080384
43.267,0.0080171
43.267,0.0079959
43.268,0.0079748
43.269,0.0079538
43.269,0.0079328
43.27,0.0079119
43.27,0.0078911
43.27,0.0078704
43.271,0.0078497
43.272,0.0078291
43.272,0.0078086
43.273,0.0077882
43.273,0.0077679
43.273,0.0077476
43.274,0.0077274
43.275,0.0077073
43.275,0.0076872
43.276,0.0076673
43.276,0.0076474
43.276,0.0076275
43.277,0.0076078
43.278,0.0075881
43.278,0.0075685
43.279,0.007549
43.279,0.0075295
43.279,0.0075101
43.28,0.0074908
43.281,0.0074715
43.281,0.0074524
43.282,0.0074332
43.282,0.0074142
43.282,0.0073952
43.283,0.0073763
43.283,0.0073575
43.284,0.0073387
43.285,0.00732
43.285,0.0073014
43.285,0.0072829
43.286,0.0072644
43.286,0.0072459
43.287,0.0072276
43.288,0.0072093
43.288,0.0071911
43.288,0.0071729
43.289,0.0071548
43.289,0.0071368
43.29,0.0071188
43.291,0.0071009
43.291,0.007083
43.291,0.0070653
43.292,0.0070476
43.292,0.0070299
43.293,0.0070123
43.294,0.0069948
43.294,0.0069773
43.294,0.0069599
43.295,0.0069426
43.295,0.0069253
43.296,0.0069081
43.297,0.006891
43.297,0.0068739
43.297,0.0068568
43.298,0.0068399
43.298,0.0068229
43.299,0.0068061
43.3,0.0067893
43.3,0.0067726
43.301,0.0067559
43.301,0.0067393
43.301,0.0067227
43.302,0.0067062
43.303,0.0066897
43.303,0.0066734
43.304,0.006657
43.304,0.0066408
43.304,0.0066245
43.305,0.0066084
43.306,0.0065923
43.306,0.0065762
43.307,0.0065602
43.307,0.0065443
43.307,0.0065284
43.308,0.0065126
43.309,0.0064968
43.309,0.0064811
43.31,0.0064654
43.31,0.0064498
43.31,0.0064343
43.311,0.0064188
43.312,0.0064033
43.312,0.0063879
43.313,0.0063726
43.313,0.0063573
43.313,0.006342
43.314,0.0063268
43.315,0.0063117
43.315,0.0062966
43.316,0.0062816
43.316,0.0062666
43.316,0.0062517
43.317,0.0062368
43.318,0.006222
43.318,0.0062072
43.319,0.0061924
43.319,0.0061778
43.319,0.0061631
43.32,0.0061486
43.321,0.006134
43.321,0.0061195
43.322,0.0061051
43.322,0.0060907
43.322,0.0060764
43.323,0.0060621
43.324,0.0060478
43.324,0.0060337
43.325,0.0060195
43.325,0.0060054
43.325,0.0059914
43.326,0.0059773
43.327,0.0059634
43.327,0.0059495
43.328,0.0059356
43.328,0.0059218
43.328,0.005908
43.329,0.0058943
43.33,0.0058806
43.33,0.005867
43.331,0.0058534
43.331,0.0058398
43.331,0.0058263
43.332,0.0058129
43.333,0.0057994
43.333,0.0057861
43.334,0.0057728
43.334,0.0057595
43.334,0.0057462
43.335,0.005733
43.336,0.0057199
43.336,0.0057068
43.337,0.0056937
43.337,0.0056807
43.337,0.0056677
43.338,0.0056548
43.339,0.0056419
43.339,0.005629
43.34,0.0056162
43.34,0.0056034
43.34,0.0055907
43.341,0.005578
43.342,0.0055654
43.342,0.0055528
43.343,0.0055402
43.343,0.0055277
43.343,0.0055152
43.344,0.0055027
43.344,0.0054903
43.345,0.005478
43.346,0.0054656
43.346,0.0054534
43.346,0.0054411
43.347,0.0054289
43.347,0.0054167
43.348,0.0054046
43.349,0.0053925
43.349,0.0053805
43.349,0.0053685
43.35,0.0053565
43.35,0.0053445
43.351,0.0053326
43.352,0.0053208
43.352,0.005309
43.352,0.0052972
43.353,0.0052854
43.353,0.0052737
43.354,0.005262
43.355,0.0052504
43.355,0.0052388
43.355,0.0052272
43.356,0.0052157
43.356,0.0052042
43.357,0.0051928
43.358,0.0051814
43.358,0.00517
43.358,0.0051586
43.359,0.0051473
43.359,0.005136
43.36,0.0051248
43.361,0.0051136
43.361,0.0051024
43.361,0.0050913
43.362,0.0050802
43.362,0.0050691
43.363,0.0050581
43.364,0.0050471
43.364,0.0050361
43.365,0.0050252
43.365,0.0050143
43.365,0.0050035
43.366,0.0049926
43.367,0.0049818
43.367,0.0049711
43.368,0.0049603
43.368,0.0049497
43.368,0.004939
43.369,0.0049284
43.37,0.0049178
43.37,0.0049072
43.371,0.0048967
43.371,0.0048862
43.371,0.0048757
43.372,0.0048653
43.373,0.0048549
43.373,0.0048445
43.374,0.0048342
43.374,0.0048239
43.374,0.0048136
43.375,0.0048034
43.376,0.0047931
43.376,0.004783
43.377,0.0047728
43.377,0.0047627
43.377,0.0047526
43.378,0.0047425
43.379,0.0047325
43.379,0.0047225
43.38,0.0047126
43.38,0.0047026
43.38,0.0046927
43.381,0.0046828
43.382,0.004673
43.382,0.0046632
43.383,0.0046534
43.383,0.0046436
43.383,0.0046339
43.384,0.0046242
43.385,0.0046145
43.385,0.0046049
43.386,0.0045953
43.386,0.0045857
43.386,0.0045761
43.387,0.0045666
43.388,0.0045571
43.388,0.0045476
43.389,0.0045382
43.389,0.0045288
43.389,0.0045194
43.39,0.00451
43.391,0.0045007
43.391,0.0044914
43.392,0.0044821
43.392,0.0044729
43.392,0.0044637
43.393,0.0044545
43.394,0.0044453
43.394,0.0044362
43.395,0.0044271
43.395,0.004418
43.395,0.0044089
43.396,0.0043999
43.397,0.0043909
43.397,0.0043819
43.398,0.004373
43.398,0.004364
43.398,0.0043551
43.399,0.0043463
43.4,0.0043374
43.4,0.0043286
43.401,0.0043198
43.401,0.004311
43.401,0.0043023
43.402,0.0042936
43.403,0.0042849
43.403,0.0042762
43.404,0.0042676
43.404,0.0042589
43.404,0.0042503
43.405,0.0042418
43.406,0.0042332
43.406,0.0042247
43.407,0.0042162
43.407,0.0042077
43.407,0.0041993
43.408,0.0041909
43.408,0.0041825
43.409,0.0041741
43.41,0.0041658
43.41,0.0041574
43.41,0.0041491
43.411,0.0041409
43.411,0.0041326
43.412,0.0041244
43.413,0.0041162
43.413,0.004108
43.413,0.0040998
43.414,0.0040917
43.414,0.0040836
43.415,0.0040755
43.416,0.0040674
43.416,0.0040594
43.416,0.0040513
43.417,0.0040433
43.417,0.0040354
43.418,0.0040274
43.419,0.0040195
43.419,0.0040116
43.419,0.0040037
43.42,0.0039958
43.42,0.003988
43.421,0.0039801
43.422,0.0039723
43.422,0.0039646
43.422,0.0039568
43.423,0.0039491
43.423,0.0039413
43.424,0.0039337
43.425,0.003926
43.425,0.0039183
43.426,0.0039107
43.426,0.0039031
43.426,0.0038955
43.427,0.0038879
43.428,0.0038804
43.428,0.0038729
43.429,0.0038653
43.429,0.0038579
43.429,0.0038504
43.43,0.0038429
43.431,0.0038355
43.431,0.0038281
43.432,0.0038207
43.432,0.0038134
43.432,0.003806
43.433,0.0037987
43.434,0.0037914
43.434,0.0037841
43.435,0.0037768
43.435,0.0037696
43.435,0.0037623
43.436,0.0037551
43.437,0.0037479
43.437,0.0037408
43.438,0.0037336
43.438,0.0037265
43.438,0.0037194
43.439,0.0037123
43.44,0.0037052
43.44,0.0036981
43.441,0.0036911
43.441,0.003684
43.441,0.003677
43.442,0.00367
43.443,0.0036631
43.443,0.0036561
43.444,0.0036492
43.444,0.0036423
43.444,0.0036353
43.445,0.0036285
43.446,0.0036216
43.446,0.0036147
43.447,0.0036079
43.447,0.0036011
43.447,0.0035943
43.448,0.0035875
43.449,0.0035807
43.449,0.003574
43.45,0.0035672
43.45,0.0035605
43.45,0.0035538
43.451,0.0035471
43.452,0.0035405
43.452,0.0035338
43.453,0.0035272
43.453,0.0035205
43.453,0.0035139
43.454,0.0035073
43.455,0.0035007
43.455,0.0034942
43.456,0.0034876
43.456,0.0034811
43.456,0.0034746
43.457,0.0034681
43.458,0.0034616
43.458,0.0034551
43.459,0.0034486
43.459,0.0034422
43.459,0.0034358
43.46,0.0034294
43.461,0.0034229
43.461,0.0034166
43.462,0.0034102
43.462,0.0034038
43.462,0.0033975
43.463,0.0033911
43.464,0.0033848
43.464,0.0033785
43.465,0.0033722
43.465,0.0033659
43.465,0.0033597
43.466,0.0033534
43.467,0.0033472
43.467,0.003341
43.468,0.0033347
43.468,0.0033285
43.468,0.0033224
43.469,0.0033162
43.469,0.00331
43.47,0.0033039
43.471,0.0032977
43.471,0.0032916
43.471,0.0032855
43.472,0.0032794
43.472,0.0032733
43.473,0.0032672
43.474,0.0032612
43.474,0.0032551
43.474,0.0032491
43.475,0.0032431
43.475,0.0032371
43.476,0.0032311
43.477,0.0032251
43.477,0.0032191
43.477,0.0032131
43.478,0.0032072
43.478,0.0032013
43.479,0.0031953
43.48,0.0031894
43.48,0.0031835
43.48,0.0031776
43.481,0.0031718
43.481,0.0031659
43.482,0.00316
43.483,0.0031542
43.483,0.0031484
43.483,0.0031425
43.484,0.0031367
43.484,0.003131
43.485,0.0031252
43.486,0.0031194
43.486,0.0031136
43.486,0.0031079
43.487,0.0031022
43.487,0.0030965
43.488,0.0030907
43.489,0.0030851
43.489,0.0030794
43.49,0.0030737
43.49,0.003068
43.49,0.0030624
43.491,0.0030568
43.492,0.0030511
43.492,0.0030455
43.493,0.0030399
43.493,0.0030344
43.493,0.0030288
43.494,0.0030232
43.495,0.0030177
43.495,0.0030122
43.496,0.0030066
43.496,0.0030011
43.496,0.0029956
43.497,0.0029902
43.498,0.0029847
43.498,0.0029792
43.499,0.0029738
43.499,0.0029684
43.499,0.0029629
43.5,0.0029575
